nan nan 1.853020188851834393e-01 1.853020188851834393e-01 nan 1.667718169966650454e-01
nan 1.667718169966650454e-01 2.058911320946483214e-01 2.058911320946483214e-01 nan 1.853020188851834393e-01
0.000000000000000000e+00 1.853020188851834393e-01 2.287679245496091474e-01 2.287679245496092584e-01 nan 2.058911320946483214e-01
nan 2.058911320946483214e-01 2.541865828328991883e-01 2.541865828328991883e-01 nan 2.287679245496092584e-01
nan 2.287679245496092584e-01 nan 2.824295364809992215e-01 nan 2.541865828328991883e-01
nan nan 3.138105960899991720e-01 3.138105960899991720e-01 nan 2.824295364809992215e-01
nan 2.824295364809992215e-01 3.486784400999991540e-01 3.486784400999991540e-01 nan 3.138105960899991720e-01
0.000000000000000000e+00 3.138105960899991720e-01 3.138105960899991720e-01 3.874204889999991464e-01 nan 3.486784400999991540e-01
nan 3.486784400999991540e-01 2.824295364809992215e-01 3.486784400999991540e-01 nan 3.138105960899991720e-01
nan 3.138105960899991720e-01 nan 3.138105960899991720e-01 nan 2.824295364809992215e-01
1.667718169966650454e-01 nan 2.058911320946483214e-01 2.058911320946483214e-01 nan 1.853020188851834393e-01
1.853020188851834393e-01 1.853020188851834393e-01 2.287679245496092584e-01 2.287679245496092584e-01 nan 2.058911320946483214e-01
2.058911320946483214e-01 2.058911320946483214e-01 2.541865828328991883e-01 2.541865828328991883e-01 nan 2.287679245496092584e-01
2.287679245496092584e-01 2.287679245496092584e-01 2.824295364809992215e-01 2.824295364809992215e-01 nan 2.541865828328991883e-01
2.541865828328991883e-01 2.541865828328991883e-01 nan 3.138105960899991720e-01 nan 2.824295364809992215e-01
2.824295364809992215e-01 nan 3.486784400999991540e-01 3.486784400999991540e-01 nan 3.138105960899991720e-01
3.138105960899991720e-01 3.138105960899991720e-01 3.874204889999991464e-01 3.874204889999991464e-01 nan 3.486784400999991540e-01
3.486784400999991540e-01 3.486784400999991540e-01 3.486784400999991540e-01 4.304672099999991008e-01 nan 3.874204889999991464e-01
3.138105960899991720e-01 3.874204889999991464e-01 3.138105960899991720e-01 3.874204889999991464e-01 nan 3.486784400999991540e-01
2.824295364809992215e-01 3.486784400999991540e-01 nan 3.486784400999980993e-01 nan 3.138105960899937874e-01
1.853020188851770556e-01 0.000000000000000000e+00 2.287679245496092584e-01 2.287679245493655922e-01 nan 2.058911320789867938e-01
2.058911320946483214e-01 2.058911320946483214e-01 2.541865828328991883e-01 2.541865828328991883e-01 nan 2.287679245496092584e-01
2.287679245496092584e-01 2.287679245496092584e-01 2.824295364809992215e-01 2.824295364809992215e-01 nan 2.541865828328991883e-01
2.541865828328991883e-01 2.541865828328991883e-01 3.138105960899991720e-01 2.541865828328991883e-01 0.000000000000000000e+00 2.824295364809992215e-01
2.824295364809992215e-01 2.824295364809992215e-01 3.486784400999991540e-01 2.824295364809992215e-01 nan 3.138105960899991720e-01
3.138105960899991720e-01 3.138105960899991720e-01 3.874204889999991464e-01 3.874204889999991464e-01 nan 3.486784400999991540e-01
3.486784400999991540e-01 3.486784400999991540e-01 4.304672099999991008e-01 4.304672099999991008e-01 nan 3.874204889999991464e-01
3.874204889999991464e-01 3.874204889999991464e-01 3.874204889999991464e-01 4.782968999999991366e-01 nan 4.304672099999991008e-01
3.486784400999991540e-01 4.304672099999991008e-01 3.486784400999991540e-01 4.304672099999991008e-01 0.000000000000000000e+00 3.874204889999991464e-01
3.138105960898644464e-01 3.874204889303428101e-01 0.000000000000000000e+00 3.874204889999991464e-01 nan 3.486784400999903832e-01
2.058911320946483214e-01 nan 2.541865828328991883e-01 2.541865828328991883e-01 nan 2.287679245496091474e-01
2.287679245496092584e-01 2.287679245496092584e-01 2.824295364809992215e-01 2.824295364809992215e-01 nan 2.541865828328991883e-01
2.541865828328991883e-01 2.541865828328991883e-01 2.541865828328991883e-01 3.138105960899991720e-01 nan 2.824295364809992215e-01
2.824295364809985553e-01 2.824295364809992215e-01 2.824295364809992215e-01 2.824295364809992215e-01 nan 2.541865828328991883e-01
3.138105960899991720e-01 2.541865828328991883e-01 nan 2.541865828328991883e-01 nan 2.824295364809992215e-01
3.486784400999991540e-01 nan 4.304672099999991008e-01 4.304672099999991008e-01 nan 3.874204889999991464e-01
3.874204889999991464e-01 3.874204889999991464e-01 4.782968999999991366e-01 4.782968999999991366e-01 nan 4.304672099999991008e-01
4.304672099999991008e-01 4.304672099999991008e-01 4.304672099999991008e-01 5.314409999999991641e-01 nan 4.782968999999991366e-01
3.874204889999991464e-01 4.782968999999991366e-01 3.874204889999991464e-01 4.782968999999991366e-01 nan 4.304672099999991008e-01
3.486784400999991540e-01 4.304672099999991008e-01 nan 4.304672099999991008e-01 nan 3.874204889999991464e-01
2.287679245496092584e-01 nan 2.824295364809992215e-01 nan nan 2.541865828328991883e-01
2.541865828328991883e-01 2.541865828328991883e-01 3.138105960899991720e-01 nan nan 2.824295364809992215e-01
2.824295364809992215e-01 2.824295364809992215e-01 2.824295364809992215e-01 3.486784400999991540e-01 nan 3.138105960899991720e-01
2.541865828328991883e-01 3.138105960899991720e-01 2.541865828328991883e-01 nan nan 2.824295364809992215e-01
2.824295364809992215e-01 2.824295364809992215e-01 nan nan nan 2.541865828328991883e-01
3.874204889999991464e-01 nan 4.782968999999991366e-01 nan nan 4.304672099999991008e-01
4.304672099999991008e-01 4.304672099999991008e-01 5.314409999999991641e-01 nan nan 4.782968999999991366e-01
4.782968999999991366e-01 4.782968999999991366e-01 4.782968999999991366e-01 5.904899999999992932e-01 nan 5.314409999999991641e-01
4.304672099999991008e-01 5.314409999999991641e-01 4.304672099999991008e-01 nan nan 4.782968999999991366e-01
3.874204889999991464e-01 4.782968999999991366e-01 nan nan nan 4.304672099999991008e-01
nan nan 3.138105960899991720e-01 3.138105960899991720e-01 nan 2.824295364809992215e-01
nan 2.824295364809992215e-01 3.486784400999991540e-01 3.486784400999991540e-01 nan 3.138105960899991720e-01
3.138105960899991720e-01 3.138105960899991720e-01 3.874204889999991464e-01 3.874204889999991464e-01 nan 3.486784400999991540e-01
nan 3.486784400999991540e-01 4.304672099999991008e-01 4.304672099999991008e-01 nan 3.874204889999991464e-01
nan 3.874204889999991464e-01 nan 4.782968999999991366e-01 nan 4.304672099999991008e-01
nan nan 5.314409999999991641e-01 5.314409999999991641e-01 nan 4.782968999999991366e-01
nan 4.782968999999991366e-01 5.904899999999992932e-01 5.904899999999992932e-01 nan 5.314409999999991641e-01
5.314409999999991641e-01 5.314409999999991641e-01 6.560999999999994614e-01 6.560999999999994614e-01 nan 5.904899999999992932e-01
nan 5.904899999999992932e-01 5.904899999999992932e-01 7.289999999999996483e-01 nan 6.560999999999994614e-01
nan 6.560999999999994614e-01 nan 6.560999999999994614e-01 nan 5.904899999999992932e-01
2.824295364809943365e-01 nan 3.486784400999991540e-01 3.486784400999989320e-01 nan 3.138105960899985059e-01
3.138105960899991720e-01 3.138105960899991720e-01 3.874204889999991464e-01 3.874204889999991464e-01 nan 3.486784400999991540e-01
3.486784400999991540e-01 3.486784400999991540e-01 4.304672099999991008e-01 4.304672099999991008e-01 nan 3.874204889999991464e-01
3.874204889999991464e-01 3.874204889999991464e-01 4.782968999999991366e-01 4.782968999999991366e-01 nan 4.304672099999991008e-01
4.304672099999991008e-01 4.304672099999991008e-01 nan 5.314409999999991641e-01 nan 4.782968999999991366e-01
4.782968999999991366e-01 nan 5.904899999999992932e-01 5.904899999999992932e-01 nan 5.314409999999991641e-01
5.314409999999991641e-01 5.314409999999991641e-01 6.560999999999994614e-01 6.560999999999994614e-01 nan 5.904899999999992932e-01
5.904899999999992932e-01 5.904899999999992932e-01 7.289999999999996483e-01 7.289999999999996483e-01 nan 6.560999999999994614e-01
6.560999999999994614e-01 6.560999999999994614e-01 6.560999999999994614e-01 8.099999999999998312e-01 nan 7.289999999999996483e-01
5.904899999999992932e-01 7.289999999999996483e-01 nan 7.289999999999996483e-01 nan 6.560999999999994614e-01
3.138105960899785773e-01 0.000000000000000000e+00 3.874204889999991464e-01 3.138105960899738034e-01 nan 3.486784400999991540e-01
3.486784400999991540e-01 3.486784400999991540e-01 4.304672099999991008e-01 3.486784400999991540e-01 nan 3.874204889999991464e-01
3.874204889999991464e-01 3.874204889999991464e-01 4.782968999999991366e-01 3.874204889999991464e-01 nan 4.304672099999991008e-01
4.304672099999991008e-01 4.304672099999991008e-01 5.314409999999991641e-01 4.304672099999991008e-01 0.000000000000000000e+00 4.782968999999991366e-01
4.782968999999991366e-01 4.782968999999991366e-01 5.904899999999992932e-01 4.782968999999991366e-01 nan 5.314409999999991641e-01
5.314409999999991641e-01 5.314409999999991641e-01 6.560999999999994614e-01 5.314409999999991641e-01 nan 5.904899999999992932e-01
5.904899999999992932e-01 5.904899999999992932e-01 7.289999999999996483e-01 5.904899999999992932e-01 nan 6.560999999999994614e-01
6.560999999999994614e-01 6.560999999999994614e-01 8.099999999999998312e-01 6.560999999999994614e-01 nan 7.289999999999996483e-01
7.289999999999996483e-01 7.289999999999996483e-01 7.289999999999996483e-01 7.289999999999996483e-01 8.999999999999999112e-01 8.099999999999998312e-01
6.560999999999994614e-01 8.099999999999998312e-01 0.000000000000000000e+00 6.560999999999994614e-01 nan 7.289999999999996483e-01
3.486784400999991540e-01 nan 3.486784400999991540e-01 2.824295364809992215e-01 nan 3.138105960899991720e-01
3.874204889999991464e-01 3.138105960899991720e-01 3.874204889999991464e-01 3.138105960899991720e-01 nan 3.486784400999991540e-01
4.304672099999991008e-01 3.486784400999991540e-01 4.304672099999991008e-01 3.486784400999991540e-01 nan 3.874204889999991464e-01
4.782968999999991366e-01 3.874204889999991464e-01 4.782968999999991366e-01 3.874204889999991464e-01 nan 4.304672099999991008e-01
5.314409999999991641e-01 4.304672099999991008e-01 nan 4.304672099999991008e-01 nan 4.782968999999991366e-01
5.904899999999992932e-01 nan 5.904899999999992932e-01 4.782968999999991366e-01 nan 5.314409999999991641e-01
6.560999999999994614e-01 5.314409999999991641e-01 6.560999999999994614e-01 5.314409999999991641e-01 nan 5.904899999999992932e-01
7.289999999999996483e-01 5.904899999999992932e-01 7.289999999999996483e-01 5.904899999999992932e-01 nan 6.560999999999994614e-01
8.099999999999998312e-01 6.560999999999994614e-01 6.560999999999994614e-01 6.560999999999994614e-01 nan 7.289999999999996483e-01
7.289999999999996483e-01 7.289999999999996483e-01 nan 5.904899999999992932e-01 nan 6.560999999999994614e-01
3.138105960899991720e-01 nan 3.138105960899991720e-01 nan nan 2.824295364809992215e-01
3.486784400999991540e-01 2.824295364809992215e-01 3.486784400999991540e-01 nan nan 3.138105960899991720e-01
3.874204889999991464e-01 3.138105960899991720e-01 3.874204889999991464e-01 0.000000000000000000e+00 nan 3.486784400999991540e-01
4.304672099999991008e-01 3.486784400999991540e-01 4.304672099999991008e-01 nan nan 3.874204889999991464e-01
4.782968999999991366e-01 3.874204889999991464e-01 nan nan nan 4.304672099999991008e-01
5.314409999999991641e-01 nan 5.314409999999991641e-01 nan nan 4.782968999999991366e-01
5.904899999999992932e-01 4.782968999999991366e-01 5.904899999999992932e-01 nan nan 5.314409999999991641e-01
6.560999999999994614e-01 5.314409999999991641e-01 6.560999999999994614e-01 0.000000000000000000e+00 nan 5.904899999999992932e-01
7.289999999999996483e-01 5.904899999999992932e-01 5.904899999999992932e-01 nan nan 6.560999999999994614e-01
6.560999999999994614e-01 6.560999999999994614e-01 nan nan nan 5.904899999999992932e-01
nan nan nan nan nan nan
nan nan nan nan nan nan
nan nan nan nan nan nan
nan nan nan nan nan nan
nan nan nan nan nan nan
nan nan nan nan nan nan
nan nan nan nan nan nan
nan nan nan nan nan nan
nan nan nan nan nan nan
nan nan nan nan nan nan
nan nan nan nan nan nan
nan nan nan nan nan nan
