nan nan 4.223187981685803671e-01 4.223187981685803671e-01 nan 1.553624036628392102e-01
nan 5.406464344893187335e-02 3.994862830022680722e-01 3.994862830022680722e-01 nan 1.469627905465320794e-01
0.000000000000000000e+00 5.406459371029904981e-02 3.994863040078276972e-01 3.994863040078276972e-01 nan 1.469627982740456529e-01
nan 5.406459389829287865e-02 3.994863039284343165e-01 3.994863039284343165e-01 nan 1.469627982448384051e-01
nan 9.003057317038146157e-02 nan 6.652409557748198976e-01 nan 2.447284710547986963e-01
nan nan 4.223187982514611805e-01 4.223187982514611805e-01 nan 1.553624034970775836e-01
nan 5.406460010632174046e-02 3.994863013066670687e-01 3.994863013066670687e-01 nan 1.469627972803441429e-01
0.000000000000000000e+00 8.259453944353623012e-02 8.259453944353623012e-02 6.102956854136208920e-01 nan 2.245152356993068143e-01
nan 3.994863030432402873e-01 5.406459599432551083e-02 3.994863030432402873e-01 nan 1.469627979191937273e-01
nan 4.223187982440285704e-01 nan 4.223187982440285704e-01 nan 1.553624035119427482e-01
5.406474909039857973e-02 nan 3.994862383878908241e-01 3.994862383878908241e-01 nan 1.469627741338198901e-01
5.129153621125936285e-02 5.129153620261774765e-02 3.789960383887407414e-01 3.789960383887407414e-01 nan 1.394248508086414484e-01
5.129153620151789134e-02 5.129153620151989668e-02 3.789960383933184129e-01 3.789960383933184129e-01 nan 1.394248508103254625e-01
5.129153620151503945e-02 5.129153620151503945e-02 3.789960383933215771e-01 3.789960383933215771e-01 nan 1.394248508103266282e-01
8.259453944353623012e-02 8.259453944353623012e-02 nan 6.102956854136207809e-01 nan 2.245152356993067866e-01
5.406459220076284544e-02 nan 3.994863046453331346e-01 3.994863046453331346e-01 nan 1.469627985085707467e-01
5.129153620151521292e-02 5.129153620151529619e-02 3.789960383933214660e-01 3.789960383933214660e-01 nan 1.394248508103266004e-01
7.629314247787603864e-02 7.629314247787603864e-02 7.629314247787603864e-02 5.637343097327259800e-01 nan 2.073862628336458347e-01
5.129153620155478543e-02 3.789960383933001498e-01 5.129153620152617638e-02 3.789960383933001498e-01 nan 1.394248508103187734e-01
5.406459953286476411e-02 3.994863015488487323e-01 nan 3.994863015488487323e-01 nan 1.469627973694377920e-01
5.406459698424215254e-02 0.000000000000000000e+00 3.994863026251799787e-01 3.994863026251799787e-01 nan 1.469627977653979733e-01
5.129153620166555100e-02 5.129153620151621906e-02 3.789960383932575727e-01 3.789960383932575727e-01 nan 1.394248508103030915e-01
5.129153620151503945e-02 5.129153620151503945e-02 3.789960383933215771e-01 3.789960383933215771e-01 nan 1.394248508103266282e-01
7.629314247787596925e-02 7.629314247787596925e-02 5.637343097327264241e-01 7.629314247787596925e-02 0.000000000000000000e+00 2.073862628336456682e-01
7.629314247787595538e-02 7.629314247787595538e-02 5.637343097327264241e-01 7.629314247787595538e-02 nan 2.073862628336456404e-01
5.129153620151504639e-02 5.129153620151504639e-02 3.789960383933216326e-01 3.789960383933216326e-01 nan 1.394248508103266559e-01
5.129153620151511578e-02 5.129153620151511578e-02 3.789960383933214660e-01 3.789960383933214660e-01 nan 1.394248508103268225e-01
7.629314247787591374e-02 7.629314247787591374e-02 7.629314247787591374e-02 5.637343097327270902e-01 nan 2.073862628336451686e-01
5.129153620151511578e-02 3.789960383933214660e-01 5.129153620151511578e-02 3.789960383933214660e-01 0.000000000000000000e+00 1.394248508103268225e-01
5.406459838836785020e-02 3.994863020321912650e-01 0.000000000000000000e+00 3.994863020321912650e-01 nan 1.469627975472495851e-01
5.406459223324230207e-02 nan 3.994863046316165511e-01 3.994863046316165511e-01 nan 1.469627985035246998e-01
5.129153620151503945e-02 5.129153620151503945e-02 3.789960383933215771e-01 3.789960383933215771e-01 nan 1.394248508103266282e-01
7.629314247787596925e-02 7.629314247787596925e-02 7.629314247787596925e-02 5.637343097327264241e-01 nan 2.073862628336456682e-01
2.289440478997755157e-01 2.289440478997755157e-01 2.289440478997755157e-01 2.289440478997755157e-01 nan 8.422380840089793708e-02
6.102956854136207809e-01 8.259453944353623012e-02 nan 8.259453944353623012e-02 nan 2.245152356993067866e-01
5.406459218899722224e-02 nan 3.994863046503019377e-01 3.994863046503019377e-01 nan 1.469627985103989232e-01
5.129153620151499088e-02 5.129153620151499088e-02 3.789960383933218546e-01 3.789960383933218546e-01 nan 1.394248508103262396e-01
7.629314247787560843e-02 7.629314247787560843e-02 7.629314247787560843e-02 5.637343097327277563e-01 nan 2.073862628336454184e-01
5.129153620151499088e-02 3.789960383933218546e-01 5.129153620151499088e-02 3.789960383933218546e-01 nan 1.394248508103262396e-01
5.406459218934724781e-02 3.994863046501541115e-01 nan 3.994863046501541115e-01 nan 1.469627985103445500e-01
9.003057317038146157e-02 nan 6.652409557748198976e-01 nan nan 2.447284710547986963e-01
8.259453944353623012e-02 8.259453944353623012e-02 6.102956854136207809e-01 nan nan 2.245152356993067866e-01
7.629314247787595538e-02 7.629314247787595538e-02 7.629314247787595538e-02 5.637343097327264241e-01 nan 2.073862628336456404e-01
8.259453944353623012e-02 6.102956854136207809e-01 8.259453944353623012e-02 nan nan 2.245152356993067866e-01
4.223187982515177463e-01 4.223187982515177463e-01 nan nan nan 1.553624034969645351e-01
9.003057317038139218e-02 nan 6.652409557748204527e-01 nan nan 2.447284710547980302e-01
8.259453944353579991e-02 8.259453944353579991e-02 6.102956854136220022e-01 nan nan 2.245152356993063980e-01
7.629314247787559455e-02 7.629314247787559455e-02 7.629314247787559455e-02 5.637343097327277563e-01 nan 2.073862628336454184e-01
8.259453944353579991e-02 6.102956854136220022e-01 8.259453944353579991e-02 nan nan 2.245152356993063980e-01
9.003057317038139218e-02 6.652409557748204527e-01 nan nan nan 2.447284710547980302e-01
nan nan 4.223187982502558668e-01 4.223187982502558668e-01 nan 1.553624034994883496e-01
nan 5.406459247486573860e-02 3.994863045295743431e-01 3.994863045295743431e-01 nan 1.469627984659854503e-01
5.129153620151504639e-02 5.129153620151504639e-02 3.789960383933216326e-01 3.789960383933216326e-01 nan 1.394248508103266559e-01
nan 5.406459218899722224e-02 3.994863046503019377e-01 3.994863046503019377e-01 nan 1.469627985103989232e-01
nan 9.003057317038139218e-02 nan 6.652409557748204527e-01 nan 2.447284710547980302e-01
nan nan 4.223187982515176353e-01 4.223187982515176353e-01 nan 1.553624034969647849e-01
nan 5.406459218899680591e-02 3.994863046503023818e-01 3.994863046503023818e-01 nan 1.469627985103983403e-01
5.129153620151475496e-02 5.129153620151475496e-02 3.789960383933221322e-01 3.789960383933221322e-01 nan 1.394248508103263229e-01
nan 8.259453944353571664e-02 8.259453944353571664e-02 6.102956854136224463e-01 nan 2.245152356993062315e-01
nan 4.223187982515179684e-01 nan 4.223187982515179684e-01 nan 1.553624034969640633e-01
5.406459447469920410e-02 nan 3.994863036850070936e-01 3.994863036850070936e-01 nan 1.469627981552865392e-01
5.129153620151504639e-02 5.129153620151504639e-02 3.789960383933216326e-01 3.789960383933216326e-01 nan 1.394248508103266559e-01
5.129153620151511578e-02 5.129153620151511578e-02 3.789960383933214660e-01 3.789960383933214660e-01 nan 1.394248508103268225e-01
5.129153620151499088e-02 5.129153620151499088e-02 3.789960383933218546e-01 3.789960383933218546e-01 nan 1.394248508103262396e-01
8.259453944353579991e-02 8.259453944353579991e-02 nan 6.102956854136220022e-01 nan 2.245152356993063980e-01
5.406459218899680591e-02 nan 3.994863046503023818e-01 3.994863046503023818e-01 nan 1.469627985103983403e-01
5.129153620151475496e-02 5.129153620151475496e-02 3.789960383933221322e-01 3.789960383933221322e-01 nan 1.394248508103263229e-01
5.129153620151467863e-02 5.129153620151467863e-02 3.789960383933222432e-01 3.789960383933222432e-01 nan 1.394248508103261563e-01
7.629314247787545578e-02 7.629314247787545578e-02 7.629314247787545578e-02 5.637343097327283115e-01 nan 2.073862628336453351e-01
5.406459218899672958e-02 3.994863046503025483e-01 nan 3.994863046503025483e-01 nan 1.469627985103981460e-01
8.259453944353621624e-02 0.000000000000000000e+00 6.102956854136207809e-01 8.259453944353621624e-02 nan 2.245152356993067866e-01
7.629314247787605252e-02 7.629314247787605252e-02 5.637343097327260910e-01 7.629314247787605252e-02 nan 2.073862628336458624e-01
7.629314247787591374e-02 7.629314247787591374e-02 5.637343097327270902e-01 7.629314247787591374e-02 nan 2.073862628336451686e-01
7.629314247787560843e-02 7.629314247787560843e-02 5.637343097327277563e-01 7.629314247787560843e-02 0.000000000000000000e+00 2.073862628336454184e-01
7.629314247787560843e-02 7.629314247787560843e-02 5.637343097327278674e-01 7.629314247787560843e-02 nan 2.073862628336454461e-01
7.629314247787560843e-02 7.629314247787560843e-02 5.637343097327278674e-01 7.629314247787560843e-02 nan 2.073862628336454184e-01
7.629314247787552516e-02 7.629314247787552516e-02 5.637343097327282004e-01 7.629314247787552516e-02 nan 2.073862628336452241e-01
7.629314247787545578e-02 7.629314247787545578e-02 5.637343097327283115e-01 7.629314247787545578e-02 nan 2.073862628336453351e-01
7.088509576696824799e-02 7.088509576696824799e-02 7.088509576696824799e-02 7.088509576696824799e-02 5.237739492001983743e-01 1.926856677319285782e-01
8.259453944353561949e-02 6.102956854136224463e-01 0.000000000000000000e+00 8.259453944353561949e-02 nan 2.245152356993063147e-01
3.994862977674298321e-01 nan 3.994862977674298321e-01 5.406460848680891967e-02 nan 1.469627959783315341e-01
3.789960383932451382e-01 5.129153620150724707e-02 3.789960383932451382e-01 5.129153620170396471e-02 nan 1.394248508102985118e-01
3.789960383933214660e-01 5.129153620151511578e-02 3.789960383933214660e-01 5.129153620151511578e-02 nan 1.394248508103268225e-01
3.789960383933218546e-01 5.129153620151499088e-02 3.789960383933218546e-01 5.129153620151499088e-02 nan 1.394248508103262396e-01
6.102956854136220022e-01 8.259453944353579991e-02 nan 8.259453944353579991e-02 nan 2.245152356993063980e-01
3.994863046503023818e-01 nan 3.994863046503023818e-01 5.406459218899680591e-02 nan 1.469627985103983403e-01
3.789960383933220767e-01 5.129153620151474802e-02 3.789960383933220767e-01 5.129153620151474802e-02 nan 1.394248508103263229e-01
3.789960383933222432e-01 5.129153620151467863e-02 3.789960383933222432e-01 5.129153620151467863e-02 nan 1.394248508103261563e-01
5.637343097327283115e-01 7.629314247787545578e-02 7.629314247787545578e-02 7.629314247787545578e-02 nan 2.073862628336453351e-01
3.994863046503025483e-01 3.994863046503025483e-01 nan 5.406459218899672958e-02 nan 1.469627985103981460e-01
4.223187982489043368e-01 nan 4.223187982489043368e-01 nan nan 1.553624035021914096e-01
3.994862922399342042e-01 5.406462157525211004e-02 3.994862922399342042e-01 nan nan 1.469627939448795162e-01
3.994863045596629969e-01 5.406459240361950747e-02 3.994863045596629969e-01 0.000000000000000000e+00 nan 1.469627984770544848e-01
3.994863046494727676e-01 5.406459219096057534e-02 3.994863046494727676e-01 nan nan 1.469627985100938894e-01
6.652409557748204527e-01 9.003057317038139218e-02 nan nan nan 2.447284710547980302e-01
4.223187982515169692e-01 nan 4.223187982515169692e-01 nan nan 1.553624034969662004e-01
3.994863045900866605e-01 5.406459233158039668e-02 3.994863045900866605e-01 nan nan 1.469627984882461991e-01
3.994863046503023263e-01 5.406459218899712510e-02 3.994863046503023263e-01 0.000000000000000000e+00 nan 1.469627985103982848e-01
6.102956854136224463e-01 8.259453944353571664e-02 8.259453944353571664e-02 nan nan 2.245152356993062315e-01
4.223187982515179684e-01 4.223187982515179684e-01 nan nan nan 1.553624034969640633e-01
nan nan nan nan nan nan
nan nan nan nan nan nan
nan nan nan nan nan nan
nan nan nan nan nan nan
nan nan nan nan nan nan
nan nan nan nan nan nan
nan nan nan nan nan nan
nan nan nan nan nan nan
nan nan nan nan nan nan
nan nan nan nan nan nan
nan nan nan nan nan nan
nan nan nan nan nan nan
