nan nan 4.223187982515180794e-01 4.223187982515180794e-01 nan 1.553624034969638690e-01
nan 8.259453944353561949e-02 8.259453944353561949e-02 6.102956854136224463e-01 nan 2.245152356993063147e-01
nan 4.223187982515180794e-01 nan 4.223187982515180794e-01 nan 1.553624034969638690e-01
nan nan 9.003057317038094809e-02 6.652409557748208968e-01 nan 2.447284710547981135e-01
nan 3.994863046503023818e-01 5.406459218899680591e-02 3.994863046503023818e-01 nan 1.469627985103983403e-01
nan 4.223187982515179684e-01 nan 4.223187982515179684e-01 nan 1.553624034969640633e-01
nan nan 9.003057317038139218e-02 6.652409557748204527e-01 nan 2.447284710547980302e-01
nan 3.994863046503019377e-01 5.406459218899722224e-02 3.994863046503019377e-01 nan 1.469627985103989232e-01
nan 4.223187982515177463e-01 nan 4.223187982515177463e-01 nan 1.553624034969645629e-01
nan nan 9.003057317038144769e-02 6.652409557748197866e-01 nan 2.447284710547986131e-01
nan 3.994863046502848958e-01 5.406459218903765518e-02 3.994863046502848958e-01 nan 1.469627985103924284e-01
nan 4.223187982515177463e-01 nan 4.223187982515177463e-01 nan 1.553624034969645351e-01
nan nan 9.003057317038670737e-02 6.652409557748161228e-01 nan 2.447284710547972530e-01
nan 3.994860572040579982e-01 5.406517811182526972e-02 3.994860572040579982e-01 nan 1.469627074800586852e-01
nan 4.223187292659938974e-01 nan 4.223187292659938974e-01 nan 1.553625414680121775e-01
8.259453944353561949e-02 nan 6.102956854136224463e-01 8.259453944353561949e-02 nan 2.245152356993063147e-01
7.088509576696824799e-02 7.088509576696824799e-02 7.088509576696824799e-02 7.088509576696824799e-02 5.237739492001983743e-01 1.926856677319285782e-01
7.629314247787545578e-02 5.637343097327283115e-01 7.629314247787545578e-02 7.629314247787545578e-02 nan 2.073862628336453351e-01
7.629314247787552516e-02 5.637343097327282004e-01 7.629314247787552516e-02 7.629314247787552516e-02 nan 2.073862628336452241e-01
7.629314247787559455e-02 5.637343097327277563e-01 7.629314247787559455e-02 7.629314247787559455e-02 nan 2.073862628336453628e-01
7.629314247787560843e-02 5.637343097327278674e-01 7.629314247787560843e-02 7.629314247787560843e-02 nan 2.073862628336454461e-01
7.629314247787559455e-02 5.637343097327276453e-01 7.629314247787559455e-02 7.629314247787559455e-02 nan 2.073862628336453628e-01
7.629314247787591374e-02 5.637343097327270902e-01 7.629314247787591374e-02 7.629314247787591374e-02 nan 2.073862628336451686e-01
7.629314247787605252e-02 5.637343097327260910e-01 7.629314247787605252e-02 7.629314247787605252e-02 nan 2.073862628336458624e-01
7.629314247787595538e-02 5.637343097327264241e-01 7.629314247787595538e-02 7.629314247787595538e-02 nan 2.073862628336456682e-01
7.629314247787595538e-02 5.637343097327264241e-01 7.629314247787595538e-02 7.629314247787595538e-02 nan 2.073862628336456404e-01
7.629314247787596925e-02 5.637343097327264241e-01 7.629314247787596925e-02 7.629314247787596925e-02 nan 2.073862628336456682e-01
7.629314247787595538e-02 5.637343097327264241e-01 7.629314247787595538e-02 7.629314247787595538e-02 nan 2.073862628336456404e-01
7.629314247787596925e-02 5.637343097327265351e-01 7.629314247787596925e-02 7.629314247787596925e-02 nan 2.073862628336456682e-01
8.259454090491903655e-02 6.102956843297866474e-01 nan 8.259453946470782237e-02 nan 2.245152353005864798e-01
4.223187982515180794e-01 nan 4.223187982515180794e-01 nan nan 1.553624034969638690e-01
5.637343097327283115e-01 7.629314247787545578e-02 7.629314247787545578e-02 7.629314247787545578e-02 nan 2.073862628336453351e-01
4.223187982515180794e-01 4.223187982515180794e-01 nan nan nan 1.553624034969638690e-01
6.652409557748208968e-01 nan 9.003057317038094809e-02 nan nan 2.447284710547981135e-01
3.789960383933221322e-01 3.789960383933221322e-01 5.129153620151475496e-02 5.129153620151475496e-02 nan 1.394248508103263506e-01
4.223187982515179684e-01 4.223187982515179684e-01 nan nan nan 1.553624034969640633e-01
6.652409557748204527e-01 nan 9.003057317038139218e-02 nan nan 2.447284710547980302e-01
3.789960383933214105e-01 3.789960383933214105e-01 5.129153620151510884e-02 5.129153620151510884e-02 nan 1.394248508103268225e-01
4.223187982515177463e-01 4.223187982515177463e-01 nan nan nan 1.553624034969645629e-01
6.652409557748197866e-01 nan 9.003057317038144769e-02 nan nan 2.447284710547986131e-01
3.789960383933216881e-01 3.789960383933216881e-01 5.129153620151506721e-02 5.129153620151506721e-02 nan 1.394248508103266837e-01
4.223187982515177463e-01 4.223187982515177463e-01 nan nan nan 1.553624034969645351e-01
6.652409557748198976e-01 nan 9.003057317038147545e-02 nan nan 2.447284710547986408e-01
3.789960383933216881e-01 3.789960383933216881e-01 5.129153620151505333e-02 5.129153620151505333e-02 nan 1.394248508103266837e-01
4.223187979770545719e-01 4.223187979770545719e-01 nan nan nan 1.553624040458908562e-01
nan nan 6.652409557748208968e-01 9.003057317038094809e-02 nan 2.447284710547981135e-01
5.637343097327282004e-01 7.629314247787552516e-02 7.629314247787552516e-02 7.629314247787552516e-02 nan 2.073862628336452241e-01
nan 6.652409557748208968e-01 nan 9.003057317038094809e-02 nan 2.447284710547981135e-01
nan nan 4.223187982515179684e-01 4.223187982515179684e-01 nan 1.553624034969640910e-01
5.637343097327276453e-01 7.629314247787559455e-02 7.629314247787559455e-02 7.629314247787559455e-02 nan 2.073862628336453628e-01
nan 6.652409557748204527e-01 nan 9.003057317038139218e-02 nan 2.447284710547980302e-01
nan nan 4.223187982515177463e-01 4.223187982515177463e-01 nan 1.553624034969645351e-01
5.637343097327264241e-01 7.629314247787595538e-02 7.629314247787595538e-02 7.629314247787595538e-02 nan 2.073862628336456682e-01
nan 6.652409557748197866e-01 nan 9.003057317038144769e-02 nan 2.447284710547986131e-01
nan nan 4.223187982515177463e-01 4.223187982515177463e-01 nan 1.553624034969645351e-01
5.637343097327264241e-01 7.629314247787595538e-02 7.629314247787595538e-02 7.629314247787595538e-02 nan 2.073862628336456404e-01
nan 6.652409557748198976e-01 nan 9.003057317038147545e-02 nan 2.447284710547986408e-01
nan nan 4.223187982514912120e-01 4.223187982514912120e-01 nan 1.553624034970177148e-01
5.637343097327255359e-01 7.629314247787638559e-02 7.629314247787638559e-02 7.629314247787638559e-02 nan 2.073862628336452796e-01
nan 6.652409557223821768e-01 nan 9.003057324210805845e-02 nan 2.447284710355096815e-01
3.994863046503023818e-01 nan 3.994863046503023818e-01 5.406459218899680591e-02 nan 1.469627985103983403e-01
5.637343097327277563e-01 7.629314247787559455e-02 7.629314247787559455e-02 7.629314247787559455e-02 nan 2.073862628336453628e-01
3.789960383933221322e-01 3.789960383933221322e-01 5.129153620151475496e-02 5.129153620151475496e-02 nan 1.394248508103263506e-01
7.629314247787559455e-02 5.637343097327276453e-01 7.629314247787559455e-02 7.629314247787559455e-02 nan 2.073862628336453628e-01
3.789960383933218546e-01 3.789960383933218546e-01 5.129153620151499088e-02 5.129153620151499088e-02 nan 1.394248508103262396e-01
3.789960383933214105e-01 3.789960383933214105e-01 5.129153620151510884e-02 5.129153620151510884e-02 nan 1.394248508103268225e-01
7.629314247787595538e-02 5.637343097327264241e-01 7.629314247787595538e-02 7.629314247787595538e-02 nan 2.073862628336456682e-01
3.789960383933216881e-01 3.789960383933216881e-01 5.129153620151505333e-02 5.129153620151505333e-02 nan 1.394248508103266559e-01
3.789960383933216881e-01 3.789960383933216881e-01 5.129153620151506721e-02 5.129153620151506721e-02 nan 1.394248508103266837e-01
7.629314247787595538e-02 5.637343097327264241e-01 7.629314247787595538e-02 7.629314247787595538e-02 nan 2.073862628336456404e-01
3.789960383933216326e-01 3.789960383933216326e-01 5.129153620151505333e-02 5.129153620151505333e-02 nan 1.394248508103266559e-01
3.789960383933216881e-01 3.789960383933216881e-01 5.129153620151505333e-02 5.129153620151505333e-02 nan 1.394248508103266837e-01
7.629314247787638559e-02 5.637343097327255359e-01 7.629314247787638559e-02 7.629314247787638559e-02 nan 2.073862628336452796e-01
3.789960383930828791e-01 3.789960383930828791e-01 5.129153620183043299e-02 5.129153620176391676e-02 nan 1.394248508102398365e-01
3.994834655772635523e-01 3.994834655772635523e-01 nan 5.407131477002503905e-02 nan 1.469617540754478424e-01
4.223187982515179684e-01 nan 4.223187982515179684e-01 nan nan 1.553624034969640633e-01
5.637343097327278674e-01 7.629314247787560843e-02 7.629314247787560843e-02 7.629314247787560843e-02 nan 2.073862628336454461e-01
4.223187982515179684e-01 4.223187982515179684e-01 nan nan nan 1.553624034969640633e-01
6.652409557748204527e-01 nan 9.003057317038139218e-02 nan nan 2.447284710547980302e-01
3.789960383933214105e-01 3.789960383933214105e-01 5.129153620151510884e-02 5.129153620151510884e-02 nan 1.394248508103268225e-01
4.223187982515177463e-01 4.223187982515177463e-01 nan nan nan 1.553624034969645629e-01
6.652409557748197866e-01 nan 9.003057317038144769e-02 nan nan 2.447284710547986131e-01
3.789960383933216881e-01 3.789960383933216881e-01 5.129153620151506721e-02 5.129153620151506721e-02 nan 1.394248508103266837e-01
4.223187982515177463e-01 4.223187982515177463e-01 nan nan nan 1.553624034969645351e-01
6.652409557748198976e-01 nan 9.003057317038147545e-02 nan nan 2.447284710547986408e-01
3.789960383933216881e-01 3.789960383933216881e-01 5.129153620151505333e-02 5.129153620151505333e-02 nan 1.394248508103266837e-01
4.223187982510923089e-01 4.223187982510923089e-01 nan nan nan 1.553624034978153545e-01
6.652409557748177882e-01 nan 9.003057317038246077e-02 nan nan 2.447284710547996678e-01
3.789960383932803323e-01 3.789960383932803323e-01 5.129153620152311632e-02 5.129153620160385035e-02 nan 1.394248508103124173e-01
4.223187784257998456e-01 4.223187784257998456e-01 nan nan nan 1.553624431484003643e-01
nan nan 6.652409557748204527e-01 9.003057317038139218e-02 nan 2.447284710547980302e-01
5.637343097327276453e-01 7.629314247787559455e-02 7.629314247787559455e-02 7.629314247787559455e-02 nan 2.073862628336453628e-01
nan 6.652409557748204527e-01 nan 9.003057317038139218e-02 nan 2.447284710547980302e-01
nan nan 4.223187982515177463e-01 4.223187982515177463e-01 nan 1.553624034969645351e-01
5.637343097327264241e-01 7.629314247787595538e-02 7.629314247787595538e-02 7.629314247787595538e-02 nan 2.073862628336456682e-01
nan 6.652409557748197866e-01 nan 9.003057317038144769e-02 nan 2.447284710547986131e-01
nan nan 4.223187982515177463e-01 4.223187982515177463e-01 nan 1.553624034969645351e-01
5.637343097327264241e-01 7.629314247787595538e-02 7.629314247787595538e-02 7.629314247787595538e-02 nan 2.073862628336456404e-01
nan 6.652409557748198976e-01 nan 9.003057317038147545e-02 nan 2.447284710547986408e-01
nan nan 4.223187982515173022e-01 4.223187982515173022e-01 nan 1.553624034969655066e-01
5.637343097327255359e-01 7.629314247787638559e-02 7.629314247787638559e-02 7.629314247787638559e-02 nan 2.073862628336452796e-01
nan 6.652409557748177882e-01 nan 9.003057317038246077e-02 nan 2.447284710547996678e-01
nan nan 4.223187982514771677e-01 4.223187982514771677e-01 nan 1.553624034970456647e-01
5.637343097327237595e-01 7.629314247787669090e-02 7.629314247787669090e-02 7.629314247787669090e-02 nan 2.073862628336461678e-01
nan 6.652409552034430629e-01 nan 9.003057395195422641e-02 nan 2.447284708446026136e-01
3.994863046503018822e-01 nan 3.994863046503018822e-01 5.406459218899721531e-02 nan 1.469627985103989232e-01
5.637343097327270902e-01 7.629314247787591374e-02 7.629314247787591374e-02 7.629314247787591374e-02 nan 2.073862628336451686e-01
3.789960383933214105e-01 3.789960383933214105e-01 5.129153620151510884e-02 5.129153620151510884e-02 nan 1.394248508103268225e-01
7.629314247787595538e-02 5.637343097327264241e-01 7.629314247787595538e-02 7.629314247787595538e-02 nan 2.073862628336456682e-01
3.789960383933216881e-01 3.789960383933216881e-01 5.129153620151505333e-02 5.129153620151505333e-02 nan 1.394248508103266559e-01
3.789960383933216881e-01 3.789960383933216881e-01 5.129153620151506721e-02 5.129153620151506721e-02 nan 1.394248508103266837e-01
7.629314247787595538e-02 5.637343097327264241e-01 7.629314247787595538e-02 7.629314247787595538e-02 nan 2.073862628336456404e-01
3.789960383933216326e-01 3.789960383933216326e-01 5.129153620151505333e-02 5.129153620151505333e-02 nan 1.394248508103266559e-01
3.789960383933216881e-01 3.789960383933216881e-01 5.129153620151505333e-02 5.129153620151505333e-02 nan 1.394248508103266837e-01
7.629314247787638559e-02 5.637343097327255359e-01 7.629314247787638559e-02 7.629314247787638559e-02 nan 2.073862628336452796e-01
3.789960383933206889e-01 3.789960383933206889e-01 5.129153620151565007e-02 5.129153620151565007e-02 nan 1.394248508103272943e-01
3.789960383933207444e-01 3.789960383933207444e-01 5.129153620151565701e-02 5.129153620151565701e-02 nan 1.394248508103272943e-01
7.629314247787669090e-02 5.637343097327237595e-01 7.629314247787669090e-02 7.629314247787669090e-02 nan 2.073862628336461678e-01
3.789960383923344778e-01 3.789960383923344778e-01 5.129153620355320770e-02 5.129153620181332862e-02 nan 1.394248508099645012e-01
3.994847086416458692e-01 3.994847086416458692e-01 nan 5.406837133263964201e-02 nan 1.469622113840686750e-01
4.223187982515177463e-01 nan 4.223187982515177463e-01 nan nan 1.553624034969645629e-01
5.637343097327260910e-01 7.629314247787605252e-02 7.629314247787605252e-02 7.629314247787605252e-02 nan 2.073862628336458624e-01
4.223187982515177463e-01 4.223187982515177463e-01 nan nan nan 1.553624034969645629e-01
6.652409557748197866e-01 nan 9.003057317038144769e-02 nan nan 2.447284710547986131e-01
3.789960383933216881e-01 3.789960383933216881e-01 5.129153620151506721e-02 5.129153620151506721e-02 nan 1.394248508103266837e-01
4.223187982515177463e-01 4.223187982515177463e-01 nan nan nan 1.553624034969645351e-01
6.652409557748198976e-01 nan 9.003057317038147545e-02 nan nan 2.447284710547986408e-01
3.789960383933216881e-01 3.789960383933216881e-01 5.129153620151505333e-02 5.129153620151505333e-02 nan 1.394248508103266837e-01
4.223187982515177463e-01 4.223187982515177463e-01 nan nan nan 1.553624034969645351e-01
6.652409557748177882e-01 nan 9.003057317038246077e-02 nan nan 2.447284710547996678e-01
3.789960383933207444e-01 3.789960383933207444e-01 5.129153620151565701e-02 5.129153620151565701e-02 nan 1.394248508103272943e-01
4.223187982436717447e-01 4.223187982436717447e-01 nan nan nan 1.553624035126565384e-01
6.652409557748178992e-01 nan 9.003057317038247465e-02 nan nan 2.447284710547996678e-01
3.789960383931528232e-01 3.789960383931528232e-01 5.129153620166020805e-02 5.129153620176863521e-02 nan 1.394248508102655382e-01
4.223187890237055098e-01 4.223187890237055098e-01 nan nan nan 1.553624219525889527e-01
nan nan 6.652409557748197866e-01 9.003057317038144769e-02 nan 2.447284710547986131e-01
5.637343097327264241e-01 7.629314247787595538e-02 7.629314247787595538e-02 7.629314247787595538e-02 nan 2.073862628336456682e-01
nan 6.652409557748197866e-01 nan 9.003057317038144769e-02 nan 2.447284710547986131e-01
nan nan 4.223187982515177463e-01 4.223187982515177463e-01 nan 1.553624034969645351e-01
5.637343097327264241e-01 7.629314247787595538e-02 7.629314247787595538e-02 7.629314247787595538e-02 nan 2.073862628336456404e-01
nan 6.652409557748198976e-01 nan 9.003057317038147545e-02 nan 2.447284710547986408e-01
nan nan 4.223187982515173022e-01 4.223187982515173022e-01 nan 1.553624034969655066e-01
5.637343097327255359e-01 7.629314247787638559e-02 7.629314247787638559e-02 7.629314247787638559e-02 nan 2.073862628336452796e-01
nan 6.652409557748177882e-01 nan 9.003057317038246077e-02 nan 2.447284710547996678e-01
nan nan 4.223187982515172467e-01 4.223187982515172467e-01 nan 1.553624034969654788e-01
5.637343097327237595e-01 7.629314247787669090e-02 7.629314247787669090e-02 7.629314247787669090e-02 nan 2.073862628336461678e-01
nan 6.652409557748178992e-01 nan 9.003057317038247465e-02 nan 2.447284710547996678e-01
nan nan 4.223187982514646222e-01 4.223187982514646222e-01 nan 1.553624034970708390e-01
5.637343097327238706e-01 7.629314247787669090e-02 7.629314247787669090e-02 7.629314247787669090e-02 nan 2.073862628336461678e-01
nan 6.652409553259648334e-01 nan 9.003057378435937175e-02 nan 2.447284708896758365e-01
3.994863046461294420e-01 nan 3.994863046461294420e-01 5.406459219887734674e-02 nan 1.469627985088637068e-01
5.637343097327264241e-01 7.629314247787595538e-02 7.629314247787595538e-02 7.629314247787595538e-02 nan 2.073862628336456404e-01
3.789960383933216881e-01 3.789960383933216881e-01 5.129153620151506721e-02 5.129153620151506721e-02 nan 1.394248508103266837e-01
7.629314247787595538e-02 5.637343097327264241e-01 7.629314247787595538e-02 7.629314247787595538e-02 nan 2.073862628336456404e-01
3.789960383933216326e-01 3.789960383933216326e-01 5.129153620151505333e-02 5.129153620151505333e-02 nan 1.394248508103266559e-01
3.789960383933216881e-01 3.789960383933216881e-01 5.129153620151505333e-02 5.129153620151505333e-02 nan 1.394248508103266837e-01
7.629314247787638559e-02 5.637343097327255359e-01 7.629314247787638559e-02 7.629314247787638559e-02 nan 2.073862628336452796e-01
3.789960383933206889e-01 3.789960383933206889e-01 5.129153620151565007e-02 5.129153620151565007e-02 nan 1.394248508103272943e-01
3.789960383933207444e-01 3.789960383933207444e-01 5.129153620151565701e-02 5.129153620151565701e-02 nan 1.394248508103272943e-01
7.629314247787669090e-02 5.637343097327237595e-01 7.629314247787669090e-02 7.629314247787669090e-02 nan 2.073862628336461678e-01
3.789960383933206889e-01 3.789960383933206889e-01 5.129153620151565007e-02 5.129153620151565007e-02 nan 1.394248508103272943e-01
3.789960383933207444e-01 3.789960383933207444e-01 5.129153620151565701e-02 5.129153620151565701e-02 nan 1.394248508103272943e-01
7.629314247787669090e-02 5.637343097327238706e-01 7.629314247787669090e-02 7.629314247787669090e-02 nan 2.073862628336461678e-01
3.789960383897108542e-01 3.789960383897108542e-01 5.129153620680434317e-02 5.129153620477473752e-02 nan 1.394248508089993011e-01
3.994855058157608663e-01 3.994855058157608663e-01 nan 5.406648372846038775e-02 nan 1.469625046400180046e-01
4.223187982515177463e-01 nan 4.223187982515177463e-01 nan nan 1.553624034969645351e-01
5.637343097327264241e-01 7.629314247787596925e-02 7.629314247787596925e-02 7.629314247787596925e-02 nan 2.073862628336456682e-01
4.223187982515177463e-01 4.223187982515177463e-01 nan nan nan 1.553624034969645351e-01
6.652409557748198976e-01 nan 9.003057317038147545e-02 nan nan 2.447284710547986408e-01
3.789960383933216881e-01 3.789960383933216881e-01 5.129153620151505333e-02 5.129153620151505333e-02 nan 1.394248508103266837e-01
4.223187982513610939e-01 4.223187982513610939e-01 nan nan nan 1.553624034972778400e-01
6.652409557748177882e-01 nan 9.003057317038246077e-02 nan nan 2.447284710547996678e-01
3.789960383933207444e-01 3.789960383933207444e-01 5.129153620151565701e-02 5.129153620151565701e-02 nan 1.394248508103272943e-01
4.223187982511925065e-01 4.223187982511925065e-01 nan nan nan 1.553624034976149038e-01
6.652409557748178992e-01 nan 9.003057317038247465e-02 nan nan 2.447284710547996678e-01
3.789960383933207444e-01 3.789960383933207444e-01 5.129153620151565701e-02 5.129153620151565701e-02 nan 1.394248508103272943e-01
4.223187980963110100e-01 4.223187980963110100e-01 nan nan nan 1.553624038073780356e-01
6.652409557748170110e-01 nan 9.003057317038364038e-02 nan nan 2.447284710547993070e-01
3.789960383362745433e-01 3.789960383362745433e-01 5.129153633948787400e-02 5.129153619862187458e-02 nan 1.394248507893412203e-01
4.223187812338156655e-01 4.223187812338156655e-01 nan nan nan 1.553624375323686690e-01
nan nan 6.652409557748028002e-01 9.003057317040474850e-02 nan 2.447284710547923681e-01
5.637343097327264241e-01 7.629314247787595538e-02 7.629314247787595538e-02 7.629314247787595538e-02 nan 2.073862628336456404e-01
nan 6.652409557748198976e-01 nan 9.003057317038147545e-02 nan 2.447284710547986408e-01
nan nan 4.223187982515165251e-01 4.223187982515165251e-01 nan 1.553624034969668666e-01
5.637343097327255359e-01 7.629314247787638559e-02 7.629314247787638559e-02 7.629314247787638559e-02 nan 2.073862628336452796e-01
nan 6.652409557748177882e-01 nan 9.003057317038246077e-02 nan 2.447284710547996678e-01
nan nan 4.223187982515088645e-01 4.223187982515088645e-01 nan 1.553624034969822432e-01
5.637343097327237595e-01 7.629314247787669090e-02 7.629314247787669090e-02 7.629314247787669090e-02 nan 2.073862628336461678e-01
nan 6.652409557748178992e-01 nan 9.003057317038247465e-02 nan 2.447284710547996678e-01
nan nan 4.223187982504494342e-01 4.223187982504494342e-01 nan 1.553624034991011593e-01
5.637343097327238706e-01 7.629314247787669090e-02 7.629314247787669090e-02 7.629314247787669090e-02 nan 2.073862628336461678e-01
nan 6.652409557748126812e-01 nan 9.003057317038945517e-02 nan 2.447284710547977526e-01
nan nan 4.223187964353827262e-01 4.223187964353827262e-01 nan 1.553624071292344921e-01
5.637343097327101038e-01 7.629314247787673253e-02 7.629314247789734105e-02 7.629314247787483128e-02 nan 2.073862628336411162e-01
nan 6.652408675838691332e-01 nan 9.003069380496808716e-02 nan 2.447284386111627519e-01
3.994857892145942668e-01 nan 3.994857892145942668e-01 5.406581267861045731e-02 nan 1.469626088922009466e-01
5.637343097327265351e-01 7.629314247787596925e-02 7.629314247787596925e-02 7.629314247787596925e-02 nan 2.073862628336456682e-01
3.789960383933212995e-01 3.789960383933212995e-01 5.129153620151591375e-02 5.129153620151500476e-02 nan 1.394248508103265449e-01
7.629314247787638559e-02 5.637343097327255359e-01 7.629314247787638559e-02 7.629314247787638559e-02 nan 2.073862628336452796e-01
3.789960383929611432e-01 3.789960383929611432e-01 5.129153620149907306e-02 5.129153620238357386e-02 nan 1.394248508101950390e-01
3.789960383932376442e-01 3.789960383932376442e-01 5.129153620161301663e-02 5.129153620161484156e-02 nan 1.394248508102967354e-01
7.629314247787669090e-02 5.637343097327237595e-01 7.629314247787669090e-02 7.629314247787669090e-02 nan 2.073862628336461678e-01
3.789960383919562803e-01 3.789960383919562803e-01 5.129153620163658805e-02 5.129153620462542640e-02 nan 1.394248508098253625e-01
3.789960383931569310e-01 3.789960383931569310e-01 5.129153620156582521e-02 5.129153620185337992e-02 nan 1.394248508102670370e-01
7.629314247787669090e-02 5.637343097327238706e-01 7.629314247787669090e-02 7.629314247787669090e-02 nan 2.073862628336461678e-01
3.789960383624743634e-01 3.789960383624743634e-01 5.129153626204521060e-02 5.129153621402660068e-02 nan 1.394248507989795660e-01
3.789960383572763547e-01 3.789960383572763547e-01 5.129153623898410896e-02 5.129153624939603029e-02 nan 1.394248507970673456e-01
7.629314247796956105e-02 5.637343097326649177e-01 7.629314247786952996e-02 7.629314247787143122e-02 nan 2.073862628336244907e-01
3.789959214974067958e-01 3.789959214974067958e-01 5.129157627929198382e-02 5.129177291915857501e-02 nan 1.394248078067357177e-01
3.994718107821095265e-01 3.994718107821095265e-01 nan 5.409891154386071987e-02 nan 1.469574668919202964e-01
4.223187694314545215e-01 nan 4.223187694314545215e-01 nan nan 1.553624611370909847e-01
6.102956852715843983e-01 8.259453962091115042e-02 8.259453946045003381e-02 nan nan 2.245152356470545008e-01
4.223187978554417410e-01 4.223187978554417410e-01 nan nan nan 1.553624042891165458e-01
6.652409555210565539e-01 nan 9.003057351749740866e-02 nan nan 2.447284709614460929e-01
3.994798571207270332e-01 3.994798571207270332e-01 5.407985915234397867e-02 nan nan 1.469604266062019271e-01
4.223187682972778800e-01 4.223187682972778800e-01 nan nan nan 1.553624634054441844e-01
6.652409553576765777e-01 nan 9.003057374098150101e-02 nan nan 2.447284709013419490e-01
3.994766301676347386e-01 3.994766301676347386e-01 5.408750017001590776e-02 nan nan 1.469592394947146496e-01
4.223187801039243183e-01 4.223187801039243183e-01 nan nan nan 1.553624397921513356e-01
6.652409548544624407e-01 nan 9.003057442931773624e-02 nan nan 2.447284707162197814e-01
3.994761534331884856e-01 3.994761534331884856e-01 5.408862889327967910e-02 nan nan 1.469590642403434400e-01
4.223187939826842374e-01 4.223187939826842374e-01 nan nan nan 1.553624120346314419e-01
6.652407634841881467e-01 nan 9.003083620078153326e-02 nan nan 2.447284003150302645e-01
3.994454496122917808e-01 3.994454496122917808e-01 5.416130344409184755e-02 nan nan 1.469477973313245700e-01
4.223179943944369019e-01 4.223179943948734971e-01 nan nan nan 1.553640112106897675e-01
nan nan nan nan nan nan
