nan nan -1.599999999999992184e+01 -1.599999999999992184e+01 nan -1.699999999873586631e+01
nan -1.699999899768673473e+01 -1.499999999999992895e+01 -1.499999999999992895e+01 nan -1.599999999999992184e+01
-1.000000000001000061e+11 -1.599999997025307152e+01 -1.399999999999993605e+01 -1.399999999999993605e+01 nan -1.499999999999992895e+01
nan -1.499999996657713197e+01 -1.299999999999994316e+01 -1.299999999999994316e+01 nan -1.399999999999993605e+01
nan -1.399999999999993605e+01 nan -1.199999999999995026e+01 nan -1.299999999999994316e+01
nan nan -1.099999999999995737e+01 -1.099999999999995737e+01 nan -1.199999999999908873e+01
nan -1.199999984518816909e+01 -9.999999999999964473e+00 -9.999999999999964473e+00 nan -1.099999999999995737e+01
-1.000000000001000061e+11 -1.099999999999995737e+01 -1.099999999999995737e+01 -8.999999999999971578e+00 nan -9.999999999999964473e+00
nan -9.999999999999964473e+00 -1.199999992559227913e+01 -9.999999999999964473e+00 nan -1.099999999999995737e+01
nan -1.099999999999995737e+01 nan -1.099999999999995737e+01 nan -1.199999999988580868e+01
-1.699999693202492423e+01 nan -1.499999999999992895e+01 -1.499999999999992895e+01 nan -1.599999999999992184e+01
-1.599999999979785592e+01 -1.599999999996633626e+01 -1.399999999999993605e+01 -1.399999999999993605e+01 nan -1.499999999999992895e+01
-1.499999999999986500e+01 -1.499999999999982592e+01 -1.299999999999994316e+01 -1.299999999999994316e+01 nan -1.399999999999993605e+01
-1.399999999999993605e+01 -1.399999999999993605e+01 -1.199999999999995026e+01 -1.199999999999995026e+01 nan -1.299999999999994316e+01
-1.299999999999994316e+01 -1.299999999999994316e+01 nan -1.099999999999995737e+01 nan -1.199999999999995026e+01
-1.199999999976988896e+01 nan -9.999999999999964473e+00 -9.999999999999964473e+00 nan -1.099999999999995737e+01
-1.099999999999995381e+01 -1.099999999999995204e+01 -8.999999999999971578e+00 -8.999999999999971578e+00 nan -9.999999999999964473e+00
-9.999999999999964473e+00 -9.999999999999964473e+00 -9.999999999999964473e+00 -7.999999999999980460e+00 nan -8.999999999999971578e+00
-1.099999999999912603e+01 -8.999999999999971578e+00 -1.099999999999968381e+01 -8.999999999999971578e+00 nan -9.999999999999964473e+00
-1.199999985640128664e+01 -9.999999999999964473e+00 nan -9.999999999999964473e+00 nan -1.099999999999995737e+01
-1.599999990623586932e+01 -1.000000000001000061e+11 -1.399999999999993605e+01 -1.399999999999993605e+01 nan -1.499999999999992895e+01
-1.499999999999682565e+01 -1.499999999999973710e+01 -1.299999999999994316e+01 -1.299999999999994316e+01 nan -1.399999999999993605e+01
-1.399999999999993605e+01 -1.399999999999993605e+01 -1.199999999999995026e+01 -1.199999999999995026e+01 nan -1.299999999999994316e+01
-1.299999999999994316e+01 -1.299999999999994316e+01 -1.099999999999995737e+01 -1.299999999999994316e+01 -1.000000000001000061e+11 -1.199999999999995026e+01
-1.199999999999995026e+01 -1.199999999999995026e+01 -9.999999999999964473e+00 -1.199999999999995026e+01 nan -1.099999999999995737e+01
-1.099999999999995737e+01 -1.099999999999995737e+01 -8.999999999999971578e+00 -8.999999999999971578e+00 nan -9.999999999999964473e+00
-9.999999999999964473e+00 -9.999999999999964473e+00 -7.999999999999980460e+00 -7.999999999999980460e+00 nan -8.999999999999971578e+00
-8.999999999999971578e+00 -8.999999999999971578e+00 -8.999999999999971578e+00 -6.999999999999984013e+00 nan -7.999999999999980460e+00
-9.999999999999964473e+00 -7.999999999999980460e+00 -9.999999999999964473e+00 -7.999999999999980460e+00 -1.000000000001000061e+11 -8.999999999999971578e+00
-1.099999987878026708e+01 -8.999999999999971578e+00 -1.000000000001000061e+11 -8.999999999999971578e+00 nan -9.999999999999964473e+00
-1.499999999913477922e+01 nan -1.299999999999994316e+01 -1.299999999999994316e+01 nan -1.399999999999993605e+01
-1.399999999999993605e+01 -1.399999999999993605e+01 -1.199999999999995026e+01 -1.199999999999995026e+01 nan -1.299999999999994316e+01
-1.299999999999994316e+01 -1.299999999999994316e+01 -1.299999999999994316e+01 -1.099999999999995737e+01 nan -1.199999999999995026e+01
-1.199999999999995026e+01 -1.199999999999995026e+01 -1.199999999999995026e+01 -1.199999999999995026e+01 nan -1.299999999999994316e+01
-1.099999999999995737e+01 -1.299999999999994316e+01 nan -1.299999999999994316e+01 nan -1.199999999999995026e+01
-9.999999999999964473e+00 nan -7.999999999999980460e+00 -7.999999999999980460e+00 nan -8.999999999999971578e+00
-8.999999999999971578e+00 -8.999999999999971578e+00 -6.999999999999984013e+00 -6.999999999999984013e+00 nan -7.999999999999980460e+00
-7.999999999999980460e+00 -7.999999999999980460e+00 -7.999999999999980460e+00 -5.999999999999987566e+00 nan -6.999999999999984013e+00
-8.999999999999971578e+00 -6.999999999999984013e+00 -8.999999999999971578e+00 -6.999999999999984013e+00 nan -7.999999999999980460e+00
-9.999999999993120170e+00 -7.999999999999980460e+00 nan -7.999999999999980460e+00 nan -8.999999999999971578e+00
-1.399999999999993605e+01 nan -1.199999999999995026e+01 nan nan -1.299999999999994316e+01
-1.299999999999994316e+01 -1.299999999999994316e+01 -1.099999999999995737e+01 nan nan -1.199999999999995026e+01
-1.199999999999995026e+01 -1.199999999999995026e+01 -1.199999999999995026e+01 -9.999999999999964473e+00 nan -1.099999999999995737e+01
-1.299999999999994316e+01 -1.099999999999995737e+01 -1.299999999999994316e+01 nan nan -1.199999999999995026e+01
-1.199999999999995026e+01 -1.199999999999995026e+01 nan nan nan -1.299999999999994316e+01
-8.999999999999971578e+00 nan -6.999999999999984013e+00 nan nan -7.999999999999980460e+00
-7.999999999999980460e+00 -7.999999999999980460e+00 -5.999999999999987566e+00 nan nan -6.999999999999984013e+00
-6.999999999999984013e+00 -6.999999999999984013e+00 -6.999999999999984013e+00 -4.999999999999991118e+00 nan -5.999999999999987566e+00
-7.999999999999980460e+00 -5.999999999999987566e+00 -7.999999999999980460e+00 nan nan -6.999999999999984013e+00
-8.999999999999971578e+00 -6.999999999999984013e+00 nan nan nan -7.999999999999980460e+00
nan nan -1.099999999999995737e+01 -1.099999999999995737e+01 nan -1.199999999998071765e+01
nan -1.199999999441020471e+01 -9.999999999999964473e+00 -9.999999999999964473e+00 nan -1.099999999999995737e+01
-1.099999999999995737e+01 -1.099999999999995737e+01 -8.999999999999971578e+00 -8.999999999999971578e+00 nan -9.999999999999964473e+00
nan -9.999999999999964473e+00 -7.999999999999980460e+00 -7.999999999999980460e+00 nan -8.999999999999971578e+00
nan -8.999999999999971578e+00 nan -6.999999999999984013e+00 nan -7.999999999999980460e+00
nan nan -5.999999999999987566e+00 -5.999999999999987566e+00 nan -6.999999999999978684e+00
nan -6.999999999999984013e+00 -4.999999999999991118e+00 -4.999999999999991118e+00 nan -5.999999999999987566e+00
-5.999999999999987566e+00 -5.999999999999987566e+00 -3.999999999999994671e+00 -3.999999999999994671e+00 nan -4.999999999999991118e+00
nan -4.999999999999991118e+00 -4.999999999999991118e+00 -2.999999999999996447e+00 nan -3.999999999999994671e+00
nan -3.999999999999994671e+00 nan -3.999999999999994671e+00 nan -4.999999999999991118e+00
-1.199999995530636454e+01 nan -9.999999999999964473e+00 -9.999999999999964473e+00 nan -1.099999999999995737e+01
-1.099999999999995737e+01 -1.099999999999995737e+01 -8.999999999999971578e+00 -8.999999999999971578e+00 nan -9.999999999999964473e+00
-9.999999999999964473e+00 -9.999999999999964473e+00 -7.999999999999980460e+00 -7.999999999999980460e+00 nan -8.999999999999971578e+00
-8.999999999999971578e+00 -8.999999999999971578e+00 -6.999999999999984013e+00 -6.999999999999984013e+00 nan -7.999999999999980460e+00
-7.999999999999980460e+00 -7.999999999999980460e+00 nan -5.999999999999987566e+00 nan -6.999999999999984013e+00
-6.999999999999984013e+00 nan -4.999999999999991118e+00 -4.999999999999991118e+00 nan -5.999999999999987566e+00
-5.999999999999987566e+00 -5.999999999999987566e+00 -3.999999999999994671e+00 -3.999999999999994671e+00 nan -4.999999999999991118e+00
-4.999999999999991118e+00 -4.999999999999991118e+00 -2.999999999999996447e+00 -2.999999999999996447e+00 nan -3.999999999999994671e+00
-3.999999999999994671e+00 -3.999999999999994671e+00 -3.999999999999994671e+00 -1.999999999999998668e+00 nan -2.999999999999996447e+00
-4.999999999999991118e+00 -2.999999999999996447e+00 nan -2.999999999999996447e+00 nan -3.999999999999994671e+00
-1.099999999999995737e+01 -1.000000000001000061e+11 -8.999999999999971578e+00 -1.099999999999995737e+01 nan -9.999999999999964473e+00
-9.999999999999964473e+00 -9.999999999999964473e+00 -7.999999999999980460e+00 -9.999999999999964473e+00 nan -8.999999999999971578e+00
-8.999999999999971578e+00 -8.999999999999971578e+00 -6.999999999999984013e+00 -8.999999999999971578e+00 nan -7.999999999999980460e+00
-7.999999999999980460e+00 -7.999999999999980460e+00 -5.999999999999987566e+00 -7.999999999999980460e+00 -1.000000000001000061e+11 -6.999999999999984013e+00
-6.999999999999984013e+00 -6.999999999999984013e+00 -4.999999999999991118e+00 -6.999999999999984013e+00 nan -5.999999999999987566e+00
-5.999999999999987566e+00 -5.999999999999987566e+00 -3.999999999999994671e+00 -5.999999999999987566e+00 nan -4.999999999999991118e+00
-4.999999999999991118e+00 -4.999999999999991118e+00 -2.999999999999996447e+00 -4.999999999999991118e+00 nan -3.999999999999994671e+00
-3.999999999999994671e+00 -3.999999999999994671e+00 -1.999999999999998668e+00 -3.999999999999994671e+00 nan -2.999999999999996447e+00
-2.999999999999996447e+00 -2.999999999999996447e+00 -2.999999999999996447e+00 -2.999999999999996447e+00 -9.999999999999995559e-01 -1.999999999999998668e+00
-3.999999999999994671e+00 -1.999999999999998668e+00 -1.000000000001000061e+11 -3.999999999999994671e+00 nan -2.999999999999996447e+00
-9.999999999999964473e+00 nan -9.999999999999964473e+00 -1.199999968131993988e+01 nan -1.099999999999995737e+01
-8.999999999999971578e+00 -1.099999999999990763e+01 -8.999999999999971578e+00 -1.099999999999607248e+01 nan -9.999999999999964473e+00
-7.999999999999980460e+00 -9.999999999999964473e+00 -7.999999999999980460e+00 -9.999999999999964473e+00 nan -8.999999999999971578e+00
-6.999999999999984013e+00 -8.999999999999971578e+00 -6.999999999999984013e+00 -8.999999999999971578e+00 nan -7.999999999999980460e+00
-5.999999999999987566e+00 -7.999999999999980460e+00 nan -7.999999999999980460e+00 nan -6.999999999999984013e+00
-4.999999999999991118e+00 nan -4.999999999999991118e+00 -6.999999999999984013e+00 nan -5.999999999999987566e+00
-3.999999999999994671e+00 -5.999999999999987566e+00 -3.999999999999994671e+00 -5.999999999999987566e+00 nan -4.999999999999991118e+00
-2.999999999999996447e+00 -4.999999999999991118e+00 -2.999999999999996447e+00 -4.999999999999991118e+00 nan -3.999999999999994671e+00
-1.999999999999998668e+00 -3.999999999999994671e+00 -3.999999999999994671e+00 -3.999999999999994671e+00 nan -2.999999999999996447e+00
-2.999999999999996447e+00 -2.999999999999996447e+00 nan -4.999999999999991118e+00 nan -3.999999999999994671e+00
-1.099999999999995737e+01 nan -1.099999999999995737e+01 nan nan -1.199999999996011901e+01
-9.999999999999964473e+00 -1.199999942539453102e+01 -9.999999999999964473e+00 nan nan -1.099999999999995737e+01
-8.999999999999971578e+00 -1.099999999580332855e+01 -8.999999999999971578e+00 -1.000000000001000061e+11 nan -9.999999999999964473e+00
-7.999999999999980460e+00 -9.999999999961573849e+00 -7.999999999999980460e+00 nan nan -8.999999999999971578e+00
-6.999999999999984013e+00 -8.999999999999971578e+00 nan nan nan -7.999999999999980460e+00
-5.999999999999987566e+00 nan -5.999999999999987566e+00 nan nan -6.999999999999968026e+00
-4.999999999999991118e+00 -6.999999997211968861e+00 -4.999999999999991118e+00 nan nan -5.999999999999987566e+00
-3.999999999999994671e+00 -5.999999999999981348e+00 -3.999999999999994671e+00 -1.000000000001000061e+11 nan -4.999999999999991118e+00
-2.999999999999996447e+00 -4.999999999999991118e+00 -4.999999999999991118e+00 nan nan -3.999999999999994671e+00
-3.999999999999994671e+00 -3.999999999999994671e+00 nan nan nan -4.999999999999991118e+00
nan nan nan nan nan nan
nan nan nan nan nan nan
nan nan nan nan nan nan
nan nan nan nan nan nan
nan nan nan nan nan nan
nan nan nan nan nan nan
nan nan nan nan nan nan
nan nan nan nan nan nan
nan nan nan nan nan nan
nan nan nan nan nan nan
nan nan nan nan nan nan
nan nan nan nan nan nan
