nan nan -5.999999999999994671e+00 -5.999999999999994671e+00 nan -6.999999999999992895e+00
nan -6.999999999999992895e+00 -4.999999999999996447e+00 -4.999999999999996447e+00 nan -5.999999999999994671e+00
-1.000000000000999756e+12 -5.999999999999994671e+00 -3.999999999999998224e+00 -3.999999999999998224e+00 nan -4.999999999999996447e+00
nan -4.999999999999996447e+00 -4.999999999999996447e+00 -2.999999999999999112e+00 nan -3.999999999999998224e+00
nan -3.999999999999998224e+00 nan -3.999999999999998224e+00 nan -4.999999999999996447e+00
-6.999999999999992895e+00 nan -4.999999999999996447e+00 -4.999999999999996447e+00 nan -5.999999999999994671e+00
-5.999999999999994671e+00 -5.999999999999994671e+00 -3.999999999999998224e+00 -3.999999999999998224e+00 nan -4.999999999999996447e+00
-4.999999999999996447e+00 -4.999999999999996447e+00 -2.999999999999999112e+00 -2.999999999999999112e+00 nan -3.999999999999998224e+00
-3.999999999999998224e+00 -3.999999999999998224e+00 -3.999999999999998224e+00 -1.999999999999999556e+00 nan -2.999999999999999112e+00
-4.999999999999996447e+00 -2.999999999999999112e+00 nan -2.999999999999999112e+00 nan -3.999999999999998224e+00
-5.999999999999994671e+00 -1.000000000000999756e+12 -3.999999999999998224e+00 -5.999999999999994671e+00 nan -4.999999999999996447e+00
-4.999999999999996447e+00 -4.999999999999996447e+00 -2.999999999999999112e+00 -4.999999999999996447e+00 nan -3.999999999999998224e+00
-3.999999999999998224e+00 -3.999999999999998224e+00 -1.999999999999999556e+00 -3.999999999999998224e+00 nan -2.999999999999999112e+00
-2.999999999999999112e+00 -2.999999999999999112e+00 -2.999999999999999112e+00 -2.999999999999999112e+00 -9.999999999999997780e-01 -1.999999999999999556e+00
-3.999999999999998224e+00 -1.999999999999999556e+00 -1.000000000000999756e+12 -3.999999999999998224e+00 nan -2.999999999999999112e+00
-4.999999999999996447e+00 nan -4.999999999999996447e+00 -6.999999999999992895e+00 nan -5.999999999999994671e+00
-3.999999999999998224e+00 -5.999999999999994671e+00 -3.999999999999998224e+00 -5.999999999999994671e+00 nan -4.999999999999996447e+00
-2.999999999999999112e+00 -4.999999999999996447e+00 -2.999999999999999112e+00 -4.999999999999996447e+00 nan -3.999999999999998224e+00
-1.999999999999999556e+00 -3.999999999999998224e+00 -3.999999999999998224e+00 -3.999999999999998224e+00 nan -2.999999999999999112e+00
-2.999999999999999112e+00 -2.999999999999999112e+00 nan -4.999999999999996447e+00 nan -3.999999999999998224e+00
-5.999999999999994671e+00 nan -5.999999999999994671e+00 nan nan -6.999999999999992895e+00
-4.999999999999996447e+00 -6.999999999999992895e+00 -4.999999999999996447e+00 nan nan -5.999999999999994671e+00
-3.999999999999998224e+00 -5.999999999999994671e+00 -3.999999999999998224e+00 -1.000000000000999756e+12 nan -4.999999999999996447e+00
-2.999999999999999112e+00 -4.999999999999996447e+00 -4.999999999999996447e+00 nan nan -3.999999999999998224e+00
-3.999999999999998224e+00 -3.999999999999998224e+00 nan nan nan -4.999999999999996447e+00
nan nan nan nan nan nan
nan nan nan nan nan nan
nan nan nan nan nan nan
nan nan nan nan nan nan
nan nan nan nan nan nan
