nan nan 1.771455405776209066e-02 1.773934743365949279e-02 9.645460985085784200e-01
nan nan 1.823085715954541469e-02 1.830670205506562676e-02 9.634624407853890071e-01
nan nan 1.203626500177084890e-01 1.648657454781703169e-02 8.631507754344744932e-01
nan 9.948540046323126607e-01 2.562410304827337192e-03 2.583585062860109267e-03 nan
nan 9.607946349262300734e-01 1.958976611170386989e-02 1.961559896206613654e-02 nan
nan 8.591053650219429016e-01 1.236255474361763890e-01 1.726908754188061570e-02 nan
nan 9.948073713659174588e-01 2.549439365172528633e-03 2.643189268910020769e-03 nan
nan 9.628367969063821308e-01 1.817935665766900674e-02 1.898384643594886595e-02 nan
nan 8.586686808704189211e-01 1.239395275655811174e-01 1.739179156400001008e-02 nan
nan 9.969774215223325964e-01 2.639359661756129904e-03 3.832188159112628716e-04 nan
nan 9.789805081073191806e-01 1.830625093938136050e-02 2.713240953299345722e-03 nan
nan 9.904267008723780519e-01 6.775701688032432536e-03 2.797597439589472653e-03 nan
nan 9.972614249638603878e-01 nan 2.738575036139660746e-03 nan
nan 9.795197436331944951e-01 nan 2.048025636680550488e-02 nan
nan 9.783715766607382625e-01 nan 2.162842333926171673e-02 nan
nan nan 1.767867388685433888e-02 1.802446619804908695e-02 9.642968599150965048e-01
nan nan 1.787413201972943080e-02 1.827608800681978368e-02 9.638497799734508931e-01
nan nan 1.173104424121533124e-01 1.587623971411912527e-02 8.668133178737275069e-01
nan 9.950606161094434077e-01 2.470185680220144276e-03 2.469198210336530884e-03 nan
nan 9.602318401123518532e-01 1.956792877562956931e-02 2.020023111201857749e-02 nan
nan 8.668132595127588935e-01 1.173104181120958878e-01 1.587632237514516667e-02 nan
nan 9.929713595568968598e-01 3.349067124418281835e-04 6.693733730661250575e-03 nan
nan 9.638951766726869819e-01 1.786992762006102062e-02 1.823489570725204956e-02 nan
nan 9.646546225457868218e-01 1.767710126531288339e-02 1.766827618890029830e-02 nan
nan 9.646478135834961609e-01 1.767626999834113685e-02 1.767591641816277856e-02 nan
nan 9.785274252876353662e-01 1.891068968142387702e-02 2.561885030940758059e-03 nan
nan 9.795906579406269410e-01 1.797198938617307340e-02 2.437352673200034615e-03 nan
nan 9.819501329554215507e-01 nan 1.804986704457840763e-02 nan
nan 9.802435596757476111e-01 nan 1.975644032425247568e-02 nan
nan 9.799568489709228336e-01 nan 2.004315102907724619e-02 nan
nan nan 1.624295411184068297e-02 1.198136165407944070e-01 8.639434293473648996e-01
nan nan 1.588795966507471763e-02 1.173090308068882592e-01 8.668030095280370162e-01
nan nan 1.067612908345945133e-01 1.078730851423312098e-01 7.853656240230743046e-01
nan 9.772538409420585825e-01 2.750578113353453844e-03 1.999558094458794844e-02 nan
nan 8.667980741739232942e-01 1.587596051927268881e-02 1.173259653068041419e-01 nan
nan 7.839970203250945513e-01 1.066467472373224395e-01 1.093562324375829536e-01 nan
nan 9.782006661763313904e-01 2.599399782432300875e-03 1.919993404123635297e-02 nan
nan 7.213714305900069679e-01 1.321634306501371856e-02 2.654122263449792962e-01 nan
nan 7.709066581829425724e-01 1.144785422228479510e-01 1.146147995942094627e-01 nan
nan 9.945514297418668326e-01 2.636281533972406523e-03 2.812288724160676330e-03 nan
nan 9.795843538966048092e-01 2.434465479242409452e-03 1.798118062415287113e-02 nan
nan 8.624977367675676909e-01 1.205204283111235009e-01 1.698183492130893313e-02 nan
nan 9.809532849616194872e-01 nan 1.904671503838048507e-02 nan
nan 9.818895013578725628e-01 nan 1.811049864212744762e-02 nan
nan 9.811998541551341102e-01 nan 1.880014584486579265e-02 nan
9.948461034382697354e-01 nan 2.562644241377169761e-03 2.591252320353029312e-03 nan
7.297346294751474449e-01 nan 2.684543676947667157e-01 1.811002830085930038e-03 nan
9.766859786680203159e-01 nan 2.041336458962623307e-02 2.900656742353400260e-03 nan
4.986296451327324464e-01 4.986296451327324464e-01 1.349754954409154023e-03 1.390954780125970135e-03 nan
7.757454987720866502e-01 1.050277360459342252e-01 1.050140855957578945e-01 1.421267958622137242e-02 nan
8.593037818504115632e-01 1.216738538801147573e-01 1.672566449744510714e-02 2.296699772028664224e-03 nan
4.986007162504962897e-01 4.986007162504962897e-01 1.394214007834896534e-03 1.404353491172559551e-03 nan
5.343330292345644938e-01 1.966723697082914113e-01 7.235172240255570431e-02 1.966428786545883489e-01 nan
8.630390370407464706e-01 1.183073855901411037e-01 1.619621562656779409e-02 2.457361742544523619e-03 nan
4.732232883467661633e-02 9.436311880009871089e-01 6.552624718386441428e-03 2.493858445949890135e-03 nan
2.419569501937406664e-01 6.568592411303634249e-01 8.907235274762437260e-02 1.211145592827159514e-02 nan
8.617749958779267194e-01 1.196177739033367216e-01 1.629834553277918763e-02 2.308884685957406091e-03 nan
4.982163088003616069e-01 4.982163088003616069e-01 nan 3.567382399276745799e-03 nan
8.437653968922198544e-01 1.141919452297891213e-01 nan 4.204265787799095488e-02 nan
8.632743704998329104e-01 1.340581286490123425e-01 nan 2.667500851154721089e-03 nan
9.603984082508431053e-01 nan 1.854547271868875469e-02 2.105611903046825106e-02 nan
9.813320070168454201e-01 nan 2.737394322084514382e-10 1.866799270941507660e-02 nan
6.652253829792105222e-01 nan 9.005187487733873342e-02 2.447227421434506889e-01 nan
1.061583388842189529e-01 7.826254913766459431e-01 5.278142174617379140e-03 1.059380275645177422e-01 nan
4.905828787270123947e-01 4.905828787270123947e-01 9.400174757235237044e-03 9.434067788740068891e-03 nan
4.190538308359315622e-01 4.190538308359315622e-01 1.542152513642839895e-01 7.677086963852846127e-03 nan
2.097650475980697427e-01 5.700123973364270569e-01 2.097713429298459775e-01 1.045121213565722816e-02 nan
4.901747351623927940e-01 4.901747351623927940e-01 9.523214834177340382e-03 1.012731484103714281e-02 nan
4.190169902329981544e-01 4.190169902329981544e-01 1.542772507964711437e-01 7.688768737532642936e-03 nan
1.707353898394412678e-02 9.302098939808438605e-01 6.296142289381947456e-03 4.642042474582999678e-02 nan
4.680680421368654115e-02 9.174019461538095443e-01 1.784727823247518261e-02 1.794397140002861393e-02 nan
8.725495679592940035e-02 6.436626016441778786e-01 2.369683725672250829e-01 3.211406899266752712e-02 nan
1.190098879872138332e-01 8.750350523072771836e-01 nan 5.955059705508930316e-03 nan
4.947908881548815363e-01 4.947908881548815363e-01 nan 1.041822369023699853e-02 nan
4.947494544372769143e-01 4.947494544372769143e-01 nan 1.050109112544611242e-02 nan
8.622520898466863315e-01 nan 1.620115211145138623e-02 1.215467580418623378e-01 nan
8.668124721901871998e-01 nan 1.587718591362899737e-02 1.173103418961839173e-01 nan
7.824775631926342845e-01 nan 1.068712465105881582e-01 1.106511902967775851e-01 nan
1.188482706864978367e-01 8.608427925114560120e-01 2.235099803345972150e-03 1.807383699870012544e-02 nan
4.642933521078326797e-01 4.642933521078326797e-01 8.503873582225889363e-03 6.290942220210887781e-02 nan
4.394027578476192297e-01 4.394027578476192297e-01 6.057400320147775241e-02 6.062048110328377426e-02 nan
1.239968150626374749e-01 8.539487243181699272e-01 2.576988855391876797e-03 1.947747176380075149e-02 nan
4.642606580993510756e-01 4.642606580993510756e-01 8.503250666161213389e-03 6.297543313513664920e-02 nan
4.300531271726463212e-01 4.300531271726463212e-01 6.976089996672224514e-02 7.013284568798511254e-02 nan
6.706956709511926670e-03 9.715835860897673593e-01 2.567495655991861459e-03 1.914196154472884784e-02 nan
7.237774846356455349e-02 5.342579538127739669e-01 1.967823995930459424e-01 1.965818981306155233e-01 nan
4.329924808755520327e-01 4.329924808755520327e-01 6.694024538203600938e-02 6.707479286685996689e-02 nan
1.236925329296919701e-01 8.591232750324998557e-01 nan 1.718419203780823662e-02 nan
9.014926485516951138e-02 6.642291905299043675e-01 nan 2.456215446149261350e-01 nan
4.210040761057415870e-01 4.210040761057415870e-01 nan 1.579918477885167705e-01 nan
9.973042584294423696e-01 nan 2.646076827395590220e-03 4.966474316208729982e-05 nan
9.796190814201013453e-01 nan 2.431391147958723159e-03 1.794952743193996628e-02 nan
9.812828628194374403e-01 nan 1.866964172362538255e-02 4.749545693721585313e-05 nan
4.986464145768480516e-01 4.986464145768480516e-01 1.344806566571668310e-03 1.362364279732299630e-03 nan
8.647499365137096827e-01 1.172358849635496553e-01 1.585714471854551139e-02 2.157033804195080794e-03 nan
8.591074006408987440e-01 1.209627811597474012e-01 1.750930329669843702e-02 2.420514902655467645e-03 nan
4.986424974505556662e-01 4.986424974505556662e-01 1.339754069697498282e-03 1.375251029190999522e-03 nan
7.176857275284573845e-01 2.642991319324042854e-01 1.315776339354738332e-02 4.857377145591008395e-03 nan
8.508100531606352934e-01 1.288234042502204302e-01 1.786391026490037268e-02 2.502632324243912829e-03 nan
4.975857827390841037e-01 4.975857827390841037e-01 1.296087607997868651e-03 3.532346913833996332e-03 nan
6.636872737305707926e-01 9.005939089177995849e-02 1.676216325542908073e-03 2.445771190521063287e-01 nan
8.520213592135313929e-01 1.275568610768504640e-01 1.785526493991727512e-02 2.566514769700831491e-03 nan
4.992422947653947229e-01 4.992422947653947229e-01 nan 1.515410469210594878e-03 nan
7.862262565499740230e-01 1.068803261508393943e-01 nan 1.068934172991866521e-01 nan
7.255432761097420080e-01 2.724406612432883623e-01 nan 2.016062646969705562e-03 nan
9.801930015692486009e-01 nan 1.943856857113113873e-02 3.684298596202445941e-04 nan
9.807894902673359727e-01 nan 1.885678748495015281e-02 3.537222477138264468e-04 nan
8.788216393298086127e-01 nan 1.189974301564970111e-01 2.180930513694407085e-03 nan
1.140402093099604913e-01 8.419254338062048815e-01 2.087170535450462786e-03 4.194718634838424248e-02 nan
4.892564911206473965e-01 4.892564911206473965e-01 1.063287708413707122e-02 1.085414067456815825e-02 nan
4.642477419818538120e-01 4.642477419818538120e-01 6.297743410230823013e-02 8.527081933984133680e-03 nan
1.131126771388017982e-01 8.302480996343302166e-01 4.137118047953092237e-02 1.526804274733705932e-02 nan
4.897294950652832379e-01 4.897294950652832379e-01 1.026019526129700286e-02 1.028081460813646229e-02 nan
4.402743057509824198e-01 4.402743057509824198e-01 5.973496649788370000e-02 5.971642200015152280e-02 nan
8.731674658854196580e-02 6.434878793516788376e-01 2.370765148494595742e-01 3.211885921031955998e-02 nan
4.889674956202910705e-01 4.889674956202910705e-01 9.769992977679674978e-03 1.229501578173808167e-02 nan
3.651812168706514150e-01 3.651812168706514150e-01 1.350192820844373642e-01 1.346182841742598613e-01 nan
9.031065629186742216e-02 6.644904447988151386e-01 nan 2.451988989093175642e-01 nan
4.952229033615060394e-01 4.952229033615060394e-01 nan 9.554193276987988856e-03 nan
4.944657316618412124e-01 4.944657316618412124e-01 nan 1.106853667631763766e-02 nan
9.787550755312410811e-01 nan 1.848130736991255088e-02 2.763617098846341165e-03 nan
2.450976549997176601e-04 nan 7.306258122766062790e-01 2.691290900683939169e-01 nan
8.753722810578884461e-01 nan 1.223376814475243685e-01 2.290037494587075697e-03 nan
1.183033714639520340e-01 8.612550606095008554e-01 2.286937037848261588e-03 1.815463088869890065e-02 nan
4.576306475245607297e-01 4.576306475245607297e-01 2.280506015084057120e-02 6.193364480003798328e-02 nan
4.282631054006508786e-01 4.282631054006508786e-01 6.569523409869031105e-02 7.777855510000783457e-02 nan
1.179793495811741061e-01 8.616237792583838484e-01 2.342194822736906948e-03 1.805467633770514030e-02 nan
4.641819085450282212e-01 4.641819085450282212e-01 8.532420070358238962e-03 6.310376283958529786e-02 nan
4.368345837933013120e-01 4.368345837933013120e-01 6.231817579929269796e-02 6.401265661410471264e-02 nan
1.207923541361705239e-01 8.582696667721970707e-01 2.412051515700326752e-03 1.852592757593200454e-02 nan
4.188312269486005879e-01 4.188312269486005879e-01 7.716838551263776116e-03 1.546207075515350360e-01 nan
4.308176317371257280e-01 4.308176317371257280e-01 6.798560032388807628e-02 7.037913620186052321e-02 nan
1.213816395228501793e-01 8.606879696123751478e-01 nan 1.793039086477462088e-02 nan
4.680320228467579891e-01 4.680320228467579891e-01 nan 6.393595430648407740e-02 nan
4.663641006709222658e-01 4.663641006709222658e-01 nan 6.727179865815552384e-02 nan
9.793246850541460491e-01 nan 1.811858676208896041e-02 2.556728183765059025e-03 nan
9.501102139491580667e-01 nan 4.748319211171262572e-02 2.406593939129252503e-03 nan
8.742974112246612028e-01 nan 1.233949547265251329e-01 2.307634048813652587e-03 nan
9.754904438312571591e-01 1.929278269056734774e-02 2.607157609383212865e-03 2.609615868792243467e-03 nan
5.341860388548060889e-01 7.239259146197787875e-02 1.967165816207729623e-01 1.967047880624430145e-01 nan
9.734364148201907208e-01 2.732003629260589157e-03 2.090130803953062222e-02 2.930273511018145500e-03 nan
4.946708932889279930e-01 4.946708932889279930e-01 9.250630551942978438e-03 1.407582870201133695e-03 nan
7.568364029298912943e-01 1.026726954230596373e-01 3.780177278255752310e-02 1.026891288644914135e-01 nan
8.403034280754657637e-01 1.348568093160708026e-01 2.178075753933490788e-02 3.059005069128575317e-03 nan
4.868436607209579714e-01 4.868436607209579714e-01 1.617244211653014229e-03 2.469543434643103191e-02 nan
8.760858250671041958e-01 1.194170563605061047e-01 2.271496339926926469e-03 2.225622232462824181e-03 nan
8.417685395693004224e-01 1.350274516044203676e-01 2.026521904324831910e-02 2.938789783030902516e-03 nan
4.992939968490116009e-01 4.992939968490116009e-01 nan 1.412006301976891564e-03 nan
7.857164546292628726e-01 1.068780703760711520e-01 nan 1.074054749946658921e-01 nan
8.618546355089243827e-01 1.215905477018649344e-01 nan 1.655481678921064820e-02 nan
8.595758743243359090e-01 nan 1.231456520375823066e-01 1.727847363808174969e-02 nan
8.548517035530122099e-01 nan 1.280663889124334653e-01 1.708190753455446700e-02 nan
4.954159387392347291e-01 nan 4.954159387392347291e-01 9.168122521530595523e-03 nan
5.596048049073449882e-01 2.062749795684203635e-01 2.061801982588287174e-01 2.794001726540583722e-02 nan
9.403308422592226989e-01 1.930207138681782481e-02 1.992257678768578899e-02 2.044450956627371155e-02 nan
5.339383491058632414e-01 1.965998608096020672e-01 1.970029021470085517e-01 7.245888793752612578e-02 nan
1.065681148608014078e-01 7.848918519181959930e-01 1.977221031594947505e-03 1.065628121894077046e-01 nan
4.899408566434924062e-01 4.899408566434924062e-01 9.557195084636371796e-03 1.056109162837880200e-02 nan
3.651591337221976596e-01 3.651591337221976596e-01 1.347688067312603488e-01 1.349129258243443041e-01 nan
1.128959400604450380e-01 8.301859189254113813e-01 1.532373977124194819e-02 4.159440124290147978e-02 nan
4.877866981262239943e-01 4.877866981262239943e-01 1.026433295157881155e-02 1.416227079597316349e-02 nan
3.989508389803632649e-01 3.989508389803632649e-01 1.478102333955937098e-01 5.428808864367967724e-02 nan
1.154725556138546105e-01 8.422025461630990861e-01 nan 4.232489822304631027e-02 nan
4.940659697820592444e-01 4.940659697820592444e-01 nan 1.186806043588147300e-02 nan
4.944884467360975422e-01 4.944884467360975422e-01 nan 1.102310652780495552e-02 nan
7.795472458187278075e-01 nan 1.085778352219163578e-01 1.118749189593558069e-01 nan
6.646011793687767177e-01 nan 9.016370322625881506e-02 2.452351174049644256e-01 nan
4.647965969305252742e-01 nan 4.647965969305252742e-01 7.040680613894946538e-02 nan
7.672831466011676982e-01 1.073029006473769781e-01 1.472683732153013368e-02 1.106871154299252369e-01 nan
4.750925147892275380e-01 1.749481471492989604e-01 1.749376555988136350e-01 1.750216824626599221e-01 nan
6.361367504191879352e-01 3.254143871431081775e-02 8.910062740598508058e-02 2.422211834605160763e-01 nan
1.186031205363433788e-01 8.335573629712630384e-01 2.297151019771232275e-03 4.554236547262233148e-02 nan
3.651309338214500655e-01 3.651309338214500655e-01 1.346495928973959200e-01 1.350885394597039491e-01 nan
4.310461522825367320e-01 4.310461522825367320e-01 6.619542070475187279e-02 7.171227473017462162e-02 nan
2.669239627693213435e-01 7.130974867412132046e-01 5.354321818912648190e-03 1.462422867055270491e-02 nan
3.990884302193198896e-01 3.990884302193198896e-01 5.426458617558373165e-02 1.475585533857766696e-01 nan
4.350829382415051239e-01 4.350829382415051239e-01 6.351236852432606828e-02 6.632175499266372565e-02 nan
1.183014066340951909e-01 8.646082323601770314e-01 nan 1.709036100572776037e-02 nan
4.214831740286371087e-01 4.214831740286371087e-01 nan 1.570336519427257826e-01 nan
4.638352224409827973e-01 4.638352224409827973e-01 nan 7.232955511803434989e-02 nan
9.800277204197537229e-01 nan 1.997227958024622510e-02 nan nan
9.818436531191337968e-01 nan 1.815634688086623441e-02 nan nan
8.782908111342052626e-01 nan 1.217091888657946680e-01 nan nan
9.739515896661599115e-01 2.258630999501674147e-02 3.462100338823450273e-03 nan nan
9.907221253116109683e-01 2.497457976222429953e-03 6.780416712166617392e-03 nan nan
9.768056084463858646e-01 2.679628728174815455e-03 2.051476282543931301e-02 nan nan
4.990750118064106178e-01 4.990750118064106178e-01 1.849976387178762713e-03 nan nan
7.858075207501763471e-01 1.071915415266481431e-01 1.070009377231755793e-01 nan nan
8.162811236232571099e-01 1.593994567961563302e-01 2.431941958058648698e-02 nan nan
4.990099913089863226e-01 4.990099913089863226e-01 1.980017382027256332e-03 nan nan
6.635024869495459443e-01 9.109253075162998536e-02 2.454049822988240981e-01 nan nan
8.505613197975402384e-01 1.306684730900588842e-01 1.877020711240089471e-02 nan nan
5.000000000000000000e-01 5.000000000000000000e-01 nan nan nan
8.799322895264606315e-01 1.200677104735394518e-01 nan nan nan
8.611132683733001558e-01 1.388867316266998719e-01 nan nan nan
8.751127206695507033e-01 nan 1.248872793304492551e-01 nan nan
8.769208110501839348e-01 nan 1.230791889498160929e-01 nan nan
5.000000000000000000e-01 nan 5.000000000000000000e-01 nan nan
5.750631314032113028e-01 2.125142998992902987e-01 2.124225686974983984e-01 nan nan
9.620921725458485563e-01 1.886449660140629772e-02 1.904333085274508355e-02 nan nan
5.748222248133487700e-01 2.122802951665904714e-01 2.128974800200607864e-01 nan nan
1.190835966024983150e-01 8.749194952423009486e-01 5.996908155200919403e-03 nan nan
4.949988385347515729e-01 4.949988385347515729e-01 1.000232293049689233e-02 nan nan
4.218295895585806310e-01 4.218295895585806310e-01 1.563408208828387103e-01 nan nan
1.195407785517268451e-01 8.744384402129596889e-01 6.020781235313567466e-03 nan nan
4.944159996601470430e-01 4.944159996601470430e-01 1.116800067970594341e-02 nan nan
4.677834133741863853e-01 4.677834133741863853e-01 6.443317325162725706e-02 nan nan
1.200042290336531814e-01 8.799957709663467353e-01 nan nan nan
5.000000000000000000e-01 5.000000000000000000e-01 nan nan nan
5.000000000000000000e-01 5.000000000000000000e-01 nan nan nan
8.736057303248998540e-01 nan 1.263942696751000905e-01 nan nan
8.743500185720380902e-01 nan 1.256499814279619931e-01 nan nan
5.000000000000000000e-01 nan 5.000000000000000000e-01 nan nan
8.378109896694917458e-01 1.183868236288027898e-01 4.380218670170554079e-02 nan nan
9.588014762289815973e-01 1.969869288303574204e-02 2.149983088798261208e-02 nan nan
8.596857815491616428e-01 1.672874931838364346e-02 1.235854691324547727e-01 nan nan
1.263964025033427474e-01 8.707090726444408624e-01 2.894524852216379378e-03 nan nan
4.951063571576181932e-01 4.951063571576181932e-01 9.787285684763630950e-03 nan nan
4.635900508787643148e-01 4.635900508787643148e-01 7.281989824247138421e-02 nan nan
1.231918887097721294e-01 8.738568823470064251e-01 2.951228943221511063e-03 nan nan
4.950148235346938930e-01 4.950148235346938930e-01 9.970352930612203651e-03 nan nan
4.630516901705288846e-01 4.630516901705288846e-01 7.389661965894224471e-02 nan nan
1.237384088898855483e-01 8.762615911101144794e-01 nan nan nan
5.000000000000000000e-01 5.000000000000000000e-01 nan nan nan
5.000000000000000000e-01 5.000000000000000000e-01 nan nan nan
nan nan 3.333333333333333148e-01 3.333333333333333148e-01 3.333333333333333148e-01
