nan nan 8.259451349981924984e-02 8.259688942256507294e-02 6.102939864076070142e-01 2.245146106700088018e-01
nan nan 9.003214784745840193e-02 6.652398045936348536e-01 nan 2.447280475589067583e-01
nan nan 8.259562764902264598e-02 8.259471509135882239e-02 6.102947614628116968e-01 2.245148957968068071e-01
nan nan 6.652404303137360309e-01 9.003129193779606243e-02 nan 2.447282777484678928e-01
nan nan 8.271153922673635250e-02 8.265217919961927173e-02 6.101583509592042320e-01 2.244779306144402131e-01
nan nan 4.223092284455544632e-01 4.223149278074370683e-01 nan 1.553758437470084963e-01
8.259508105877358397e-02 nan 8.259488850078487709e-02 nan 6.102950342795421257e-01 2.245149961608995104e-01
6.652406627598994593e-01 nan 9.003097397946792368e-02 nan nan 2.447283632606326031e-01
8.264925067376654999e-02 nan 8.265800467150911934e-02 nan 6.101896608206661687e-01 2.245030838340582591e-01
4.222901205444293815e-01 nan 4.223252421899466036e-01 nan nan 1.553846372656239594e-01
8.259479794345783721e-02 nan 8.259524824304546875e-02 nan 6.102949782610730400e-01 2.245149755524236956e-01
9.003197597349507642e-02 nan 6.652399302435701989e-01 nan nan 2.447280937829347525e-01
nan 8.259493070973397688e-02 nan 8.259482988219254973e-02 6.102951870474265794e-01 2.245150523606468662e-01
nan 6.652407152835607684e-01 nan 9.003090213343152570e-02 nan 2.447283825830077475e-01
nan 8.263722832582959255e-02 nan 8.267872037234409721e-02 6.101818641140500654e-01 2.245021871877762587e-01
nan 4.223388171435352167e-01 nan 4.222647735205020125e-01 nan 1.553964093359625764e-01
nan 8.259592077504003538e-02 nan 8.259606880922269745e-02 6.102935575234517129e-01 2.245144528922856098e-01
nan 9.003090087081466741e-02 nan 6.652407162065986368e-01 nan 2.447283829225868068e-01
8.276741918988982094e-02 8.267431128967205056e-02 nan nan 6.101074982576245587e-01 2.244507712628134311e-01
4.223095784103568784e-01 4.223209809013471205e-01 nan nan nan 1.553694406882960011e-01
8.259585114002196415e-02 8.259497895562345482e-02 nan nan 6.102944051775633927e-01 2.245147647267911883e-01
9.003105944050096565e-02 6.652406002828781251e-01 nan nan nan 2.447283402766209093e-01
8.276123620789137270e-02 8.276763475846651841e-02 nan nan 6.100472340264471161e-01 2.244238950071949512e-01
6.652254902994232388e-01 9.005172806344780012e-02 nan nan nan 2.447227816371289888e-01
6.102000312156852235e-01 nan 8.272997831549934455e-02 8.258994392777596616e-02 nan 2.244800465410394241e-01
nan 6.102319569750898065e-01 8.261548916661910769e-02 8.266075691206860310e-02 nan 2.244917969462225382e-01
3.762803886243425988e-01 3.762803817950987062e-01 5.426112482810172694e-02 5.454368626759101280e-02 nan 1.386344184848658789e-01
nan 6.083084659280754147e-01 8.423820601077734727e-02 8.366847926504658584e-02 nan 2.237848487961006660e-01
3.724400650879444163e-01 3.724466552430729105e-01 6.102744882506106611e-02 5.640875770814888363e-02 nan 1.376770731357726818e-01
nan 6.065025838377846590e-01 8.425269752240435728e-02 8.606345482647129175e-02 nan 2.231812638133397475e-01
3.595322102657700913e-01 3.597949735045564701e-01 6.987807199652623646e-02 7.073632362505097304e-02 nan 1.400584206080960348e-01
nan 6.323796070967985239e-01 nan 1.258909053493502128e-01 nan 2.417294875538512910e-01
3.690780615026092448e-01 3.658968694502492958e-01 nan 1.068537920070344871e-01 nan 1.581712770401069446e-01
6.088725133240205922e-01 nan 8.271602566017417779e-02 8.441928783761305788e-02 nan 2.239921731781922276e-01
3.725802476772537841e-01 3.725778525069126657e-01 5.999548836573504601e-02 5.611067001949428951e-02 nan 1.387357414306040204e-01
3.628212107999840286e-01 3.627604221829724973e-01 6.674935661007207199e-02 6.655643654829823674e-02 nan 1.411125738586730682e-01
3.348845337364319552e-01 3.354522676962554684e-01 8.571177135377403000e-02 9.719836214911220518e-02 nan 1.467530650644262857e-01
3.484501162813198882e-01 3.440217154918025488e-01 nan 1.228075848340213633e-01 nan 1.847205833928562968e-01
5.950077442635087754e-01 nan 9.861948603128008195e-02 8.709859514994633400e-02 nan 2.192741745552648780e-01
3.597418498646316465e-01 3.601591562073582775e-01 6.611167027694285492e-02 6.679182234359157255e-02 nan 1.471955013074756624e-01
3.383346730485345955e-01 3.387515462281855405e-01 1.033094007724042057e-01 8.132145874789931117e-02 nan 1.382829212029763333e-01
3.217917390878229922e-01 3.081086751762299736e-01 1.166998600187812984e-01 1.077032928977294801e-01 nan 1.456964328194361169e-01
2.987797894228215179e-01 3.335191460567875632e-01 nan 1.528752846138111965e-01 nan 2.148257799065797502e-01
6.253594002065465673e-01 nan 1.357047772132948249e-01 nan nan 2.389358225801585522e-01
3.720607079053566135e-01 3.685779830502677323e-01 9.586460347340582111e-02 nan nan 1.634967055709699302e-01
3.435000970078088689e-01 3.557430685969332207e-01 1.184747312020966031e-01 nan nan 1.822821031931612379e-01
3.208913691119023026e-01 3.382916023059509558e-01 1.522056520000016899e-01 nan nan 1.886113765821449684e-01
3.911542413175566058e-01 3.000577652796534434e-01 nan nan nan 3.087879934027898954e-01
6.101733601679506513e-01 nan 8.271678342731259015e-02 8.263961919790079047e-02 nan 2.244702372068359819e-01
nan 6.100553383627193016e-01 8.273894324723291005e-02 8.277889114102474077e-02 nan 2.244268272490229643e-01
3.753195009326601994e-01 3.753194894070389087e-01 5.537231564827693048e-02 5.544969822630853307e-02 nan 1.385389957857154075e-01
nan 6.086590557932235468e-01 8.320917765960712809e-02 8.421716752533961459e-02 nan 2.239145990218297244e-01
3.731215548856320341e-01 3.731210327886786415e-01 5.655127340243359946e-02 5.811317178408188788e-02 nan 1.390929671391739619e-01
nan 6.026529288835936748e-01 8.846020096675973055e-02 8.668347170156302794e-02 nan 2.222033984480835389e-01
3.589370466976226082e-01 3.589426860731065871e-01 7.574841806224993923e-02 6.686803612524208629e-02 nan 1.395038130417789457e-01
nan 6.348404203235135101e-01 nan 1.212922417974133943e-01 nan 2.438673378790729707e-01
3.636098456232207399e-01 3.648974657710373215e-01 nan 1.038273779519499340e-01 nan 1.676653106537918936e-01
6.090220305356178754e-01 nan 8.383772724133567444e-02 8.309091081654970679e-02 nan 2.240493314064967989e-01
3.730663915462876234e-01 3.730649325445733466e-01 5.811047814023754393e-02 5.438016245444732971e-02 nan 1.413780353144541146e-01
3.646263008980638043e-01 3.646003335539254042e-01 6.872374240855876060e-02 6.168077931809840680e-02 nan 1.403688438213535339e-01
3.547312938362806589e-01 3.529114173349797712e-01 7.080503866221557474e-02 6.806683749415617934e-02 nan 1.534854126723679268e-01
3.582644674441168298e-01 3.498298901330545441e-01 nan 8.972736886453007432e-02 nan 2.021782735582985657e-01
6.046699700326357840e-01 nan 8.886660759307581092e-02 8.394746574817354978e-02 nan 2.225159566261148969e-01
3.673825305206860348e-01 3.673776068932316230e-01 6.400009407138211592e-02 6.292941019920916812e-02 nan 1.383103583154911553e-01
3.467585711629483924e-01 3.446490434216128440e-01 7.757872396868831233e-02 8.964094351647211578e-02 nan 1.413727179302783354e-01
3.248015200223007271e-01 3.295002301068328254e-01 9.516977371022099230e-02 8.591632205296832747e-02 nan 1.646121541076771277e-01
3.293466596318243567e-01 3.415095966541789041e-01 nan 1.326141016445021581e-01 nan 1.965296420694944701e-01
6.512951688003396633e-01 nan 1.057985695464239706e-01 nan nan 2.429062616532363383e-01
3.762327312086004572e-01 3.760275446703438273e-01 7.969061410430566816e-02 nan nan 1.680491100167499363e-01
3.447791888900038071e-01 3.413722494436625121e-01 1.377621598474248754e-01 nan nan 1.760864018189086944e-01
3.210051990097428365e-01 3.188672955705047496e-01 1.608066748390969691e-01 nan nan 1.993208305806553615e-01
3.599486159325237522e-01 4.075826614606210541e-01 nan nan nan 2.324687226068551937e-01
6.090379382921115026e-01 nan 8.342424142928300812e-02 8.342711017730199130e-02 nan 2.241107101013035674e-01
nan 6.087213845308641069e-01 8.329446171815613198e-02 8.396936741827025485e-02 nan 2.240147863327094369e-01
3.734978024171246580e-01 3.736160209303721058e-01 5.647377030913518919e-02 5.781503405300243703e-02 nan 1.385973722903657002e-01
nan 5.996001096594086865e-01 9.097775489731191323e-02 8.848221845869912172e-02 nan 2.209399169845803756e-01
3.654833931133824043e-01 3.668750299206866017e-01 6.449191432259999968e-02 6.455300650770579018e-02 nan 1.385966561356251903e-01
nan 5.865311160655016787e-01 9.936050398805167105e-02 9.150657219512192686e-02 nan 2.226018077513245985e-01
3.470550530854996651e-01 3.504210636600011974e-01 8.603829102763374537e-02 7.672648233214193758e-02 nan 1.397591098947234545e-01
nan 6.045668500467334949e-01 nan 1.514663657365429850e-01 nan 2.439667842167233258e-01
3.353551820999924882e-01 3.426807150512490296e-01 nan 1.403955384426556763e-01 nan 1.815685644061027226e-01
6.070716709215296936e-01 nan 8.460867730276303011e-02 8.474909384255396860e-02 nan 2.235705579331531967e-01
3.615407852543850442e-01 3.609761893691146861e-01 7.114659521605505577e-02 6.344259229399784594e-02 nan 1.428938378664473263e-01
3.510264974428211615e-01 3.506137594355482889e-01 7.214149655461785104e-02 7.365170164857524904e-02 nan 1.525665449184374634e-01
3.266460107973526705e-01 3.300521983214694810e-01 1.068361725092434183e-01 8.321315334826202836e-02 nan 1.532524650236725128e-01
3.416077650423314793e-01 3.265109766361096733e-01 nan 1.409925981581134358e-01 nan 1.908886601634454394e-01
5.916878485477286009e-01 nan 9.813073465540796125e-02 8.860401804648571078e-02 nan 2.215773987503777964e-01
3.430483522026703258e-01 3.430355902033756510e-01 7.684798776546232502e-02 9.039059619148029356e-02 nan 1.466774736370113907e-01
3.266830440240337530e-01 3.381310516870521532e-01 9.711731437764732633e-02 8.481004990344258310e-02 nan 1.532585400078243509e-01
3.002544246737447464e-01 3.139405449197171794e-01 1.177480505269438288e-01 1.104222614665281571e-01 nan 1.576347184130661161e-01
3.509910188540329989e-01 2.902529285501168621e-01 nan 1.484779928551667461e-01 nan 2.102780597406834207e-01
6.147447868344735333e-01 nan 1.264398287969573931e-01 nan nan 2.588153843685689903e-01
3.479497282841228500e-01 3.365463578284782487e-01 1.354344463415561861e-01 nan nan 1.800694675458426874e-01
3.362656549852014454e-01 3.493999401693942408e-01 1.405228610588460936e-01 nan nan 1.738115437865581092e-01
2.867328694444463144e-01 3.424355447777787109e-01 1.572893348821303994e-01 nan nan 2.135422508956446030e-01
3.607810772025969448e-01 3.859121977605777798e-01 nan nan nan 2.533067250368253309e-01
nan nan 1.307844313883984866e-01 6.263821015321775487e-01 nan 2.428334670794239925e-01
8.566632875684357384e-02 nan 8.781302630174703250e-02 6.041024796364162786e-01 nan 2.224181653049930874e-01
nan 3.760300374673461454e-01 9.423501734692983633e-02 3.757197400061250692e-01 nan 1.540152051795989629e-01
7.565507273898812446e-02 3.604815896013930931e-01 6.524581168910389972e-02 3.604189814388090718e-01 nan 1.381985445317058248e-01
nan 3.478041412784524389e-01 1.137470821789901138e-01 3.543436154122046600e-01 nan 1.841051611303528845e-01
8.800273135344523212e-02 3.439045479214249967e-01 8.086720073063624614e-02 3.429918728508266068e-01 nan 1.442336471436668488e-01
nan 3.043782569859328491e-01 1.773938760923667590e-01 3.322029067171919925e-01 nan 1.860249602045082884e-01
9.858367152554839419e-02 3.173868425870687848e-01 9.543454763832649734e-02 3.306583183307431617e-01 nan 1.579366199183130925e-01
nan 3.283614491725584950e-01 nan 4.039010699964727391e-01 nan 2.677374808309689325e-01
1.701073708193263923e-01 3.285607465484033374e-01 nan 3.272383820125897014e-01 nan 1.740935006196805690e-01
8.280962969073507596e-02 nan 8.310404401971664690e-02 6.097653943101551954e-01 nan 2.243209319793932899e-01
5.538734326660280094e-02 3.750923908273543494e-01 5.493408324283288041e-02 3.750911751912167635e-01 nan 1.394950074719933097e-01
7.103602453183155419e-02 3.630281466316636618e-01 6.575331059537359302e-02 3.630174216912540608e-01 nan 1.371650965498770747e-01
7.446480821897534519e-02 3.386962177641259508e-01 8.233322139243491600e-02 3.470534751342581603e-01 nan 1.574522774902055167e-01
1.072829373207161846e-01 3.584748463560431531e-01 nan 3.475880973150674014e-01 nan 1.866541190081733304e-01
8.259950333082187457e-02 nan 8.269194778241305277e-02 6.102208392943301307e-01 nan 2.244877095924349697e-01
5.717497836677271766e-02 3.754894806380948968e-01 5.362304888195303099e-02 3.754894788230441205e-01 nan 1.382230132901353936e-01
5.833901614034967681e-02 3.703313806679414677e-01 6.272675347197405327e-02 3.703315903408025966e-01 nan 1.382712593789320876e-01
8.149244370834432538e-02 3.473339730750886756e-01 8.644101097291231883e-02 3.465659286639694581e-01 nan 1.381666435796852499e-01
1.158042617495644994e-01 3.652379660653916615e-01 nan 3.591258444941648476e-01 nan 1.598319276908790332e-01
8.262296872408914084e-02 6.102119758674715566e-01 8.268061440083324110e-02 nan nan 2.244844410076059782e-01
8.512298717020412575e-02 6.068647963063857897e-01 8.475775170665286740e-02 nan nan 2.232544648167572310e-01
9.216472733596142719e-02 5.957857597751033962e-01 9.206913001928478113e-02 nan nan 2.199803828696504093e-01
1.193594690185956486e-01 6.408959507625897611e-01 nan nan nan 2.397445802188145347e-01
nan nan 1.231816846246513442e-01 6.244255256711180868e-01 nan 2.523927897042304580e-01
8.700550574658448555e-02 nan 9.487356270059316143e-02 5.954267926110922149e-01 nan 2.226941389417301798e-01
nan 3.473958798715784391e-01 1.109883119634432619e-01 3.720652827067357227e-01 nan 1.695505254582425625e-01
8.208024592405477327e-02 3.466310816281489848e-01 8.198404288101970860e-02 3.508836063299623498e-01 nan 1.384210232368141558e-01
nan 3.262808130835574416e-01 1.575058899536043167e-01 3.243467955573715034e-01 nan 1.918665014054667384e-01
8.429748513868697002e-02 3.365725359495950197e-01 9.068594934187552969e-02 3.280997668476340334e-01 nan 1.603442627222083916e-01
nan 2.681847696103240031e-01 1.727355079561930518e-01 3.524783887153107864e-01 nan 2.066013337181721310e-01
1.082588256217065642e-01 2.938471747591878680e-01 1.251138630835061105e-01 2.862024052212989167e-01 nan 1.865777313143006100e-01
nan 3.679122408628872631e-01 nan 3.761484413487431455e-01 nan 2.559393177883694803e-01
1.655823058275092130e-01 3.270850936425454547e-01 nan 3.093613997925814263e-01 nan 1.979712007373638227e-01
8.476432159813192257e-02 nan 8.481325234880465747e-02 6.069234084804459028e-01 nan 2.234990175726176698e-01
6.853135577382395149e-02 3.639137496037527231e-01 6.304765522897831653e-02 3.645285527620631960e-01 nan 1.399786866313817990e-01
6.758760122998758169e-02 3.612794658682176308e-01 6.841276828707368307e-02 3.613286681839023573e-01 nan 1.413914964308187749e-01
9.667793549387068697e-02 3.275551744768375184e-01 8.901209757440683989e-02 3.347194986518257087e-01 nan 1.520352938030591350e-01
1.200113813981348171e-01 3.616889870088628167e-01 nan 3.432687759615662415e-01 nan 1.750308556314362496e-01
8.311431358524239144e-02 nan 8.313294482104567618e-02 6.094997263700754342e-01 nan 2.242530152236365260e-01
6.106230300479376788e-02 3.723554554968933061e-01 5.633362715632050238e-02 3.723708406153166117e-01 nan 1.378777737266757841e-01
6.056698192319157070e-02 3.679473785463862057e-01 6.414816085223645770e-02 3.678195305602915410e-01 nan 1.395179481178942249e-01
8.199196905617764375e-02 3.555023159086641571e-01 7.003281666609276201e-02 3.545980348479004229e-01 nan 1.378748635211649032e-01
1.006694437358418709e-01 3.570481032446702341e-01 nan 3.522639856134419101e-01 nan 1.900184674060460821e-01
8.364376211806687222e-02 6.092833074158097162e-01 8.286220793455724432e-02 nan nan 2.242107225315660701e-01
8.647106693342755668e-02 6.055434048008275782e-01 8.486326451565980034e-02 nan nan 2.231222637500850092e-01
9.620449044639675651e-02 5.914667069272870892e-01 9.203109699643954866e-02 nan nan 2.202977056298764114e-01
1.412324357844662592e-01 6.037055641547027784e-01 nan nan nan 2.550620000608310178e-01
nan nan 1.234124939378701824e-01 6.364078281870350073e-01 nan 2.401796778750948103e-01
8.546262189724469771e-02 nan 8.621795119759792514e-02 6.054396494446321331e-01 nan 2.228797774605253412e-01
nan 3.732658096175093254e-01 9.722501955581132338e-02 3.725786744355842894e-01 nan 1.569304963910951589e-01
6.000609342355402165e-02 3.672290617229532206e-01 6.692494658051634238e-02 3.673349815686146047e-01 nan 1.385049167043619078e-01
nan 3.486688856324036689e-01 1.256694471535368118e-01 3.299411768147115787e-01 nan 1.957204903993480516e-01
8.020631230835849335e-02 3.518182682530465732e-01 7.493210513297868247e-02 3.523147297352964835e-01 nan 1.407285845703197258e-01
nan 3.422997996063478210e-01 1.405443257409024482e-01 3.157213617585679644e-01 nan 2.014345128941817387e-01
8.972439174300160525e-02 3.145161799825358373e-01 1.165549221384803991e-01 3.149901053699998288e-01 nan 1.642144007659822602e-01
nan 3.784350093522718672e-01 nan 3.478574145257627981e-01 nan 2.737075761219653902e-01
1.782950517577179816e-01 2.978586643208442908e-01 nan 3.249406428732009577e-01 nan 1.989056410482367698e-01
8.335305311739597822e-02 nan 8.364709578009300872e-02 6.089690232187924268e-01 nan 2.240308278837185585e-01
5.739792145808211149e-02 3.714407575596742062e-01 6.043666827938447283e-02 3.714453760906460400e-01 nan 1.392792766122130377e-01
6.793548268063283324e-02 3.602367052592261865e-01 7.182567396957362238e-02 3.601674631691266226e-01 nan 1.398346749214406937e-01
1.091795569612300648e-01 3.300622600755618863e-01 8.726728050690092664e-02 3.309465857093133456e-01 nan 1.425443167469937766e-01
1.406898366019606050e-01 3.335109911680502748e-01 nan 3.338992897578547669e-01 nan 1.918998824721343255e-01
8.271573291185195520e-02 nan 8.262772218354827447e-02 6.101828241300026878e-01 nan 2.244737207745970964e-01
5.557499338066752143e-02 3.726987773534876092e-01 6.183603320079786303e-02 3.726987775918274570e-01 nan 1.371914184732195285e-01
5.965249356149211757e-02 3.709163023727390374e-01 5.674507220462187557e-02 3.709155280776017527e-01 nan 1.417706037835453070e-01
9.220300296351363611e-02 3.490776355222423022e-01 7.198151075045598757e-02 3.490754642970498312e-01 nan 1.376623864667382569e-01
1.277159440189742090e-01 3.550758601140897031e-01 nan 3.564985225763525056e-01 nan 1.607096732905835546e-01
8.265543822468437996e-02 6.101904668002758880e-01 8.267756471327442069e-02 nan nan 2.244765302617652003e-01
8.332864670109026151e-02 6.095457202532085228e-01 8.288443954158399019e-02 nan nan 2.242411935041172810e-01
8.535172833907944678e-02 6.030215701292807040e-01 8.944316504232500964e-02 nan nan 2.221835364893147147e-01
1.150269919498123350e-01 6.435300350497218380e-01 nan nan nan 2.414429730004658270e-01
nan nan 6.484064813274826866e-01 1.116734305994291354e-01 nan 2.399200880730881502e-01
3.706173006209143583e-01 nan 3.738986675630692202e-01 1.058179007087412804e-01 nan 1.496661311072751688e-01
nan 8.409473182088465781e-02 6.039733565406090188e-01 8.971787850598773872e-02 nan 2.222140331325187512e-01
3.559388985773550562e-01 6.746224104385492581e-02 3.560498966177356728e-01 8.248878166072275142e-02 nan 1.380601821003315521e-01
nan 8.279532498130402762e-02 6.099812373334422277e-01 8.282379024741010065e-02 nan 2.243996474378435746e-01
3.702535077499419791e-01 6.231718717166910559e-02 3.702537838754367261e-01 5.928522751844407523e-02 nan 1.378902936845081695e-01
nan 8.266839383535361241e-02 6.102359760128958088e-01 8.260235984136296561e-02 nan 2.244932703103875993e-01
3.776376973485513489e-01 5.228861623067674463e-02 3.776376975395071001e-01 5.338885033424137921e-02 nan 1.390471385470234134e-01
6.102375429941142571e-01 8.259709841772903960e-02 nan 8.267151166871958279e-02 nan 2.244938469194371899e-01
3.464351216544790946e-01 nan 3.603307187065601380e-01 1.357848896010474260e-01 nan 1.574492700379133692e-01
3.436228645403506254e-01 8.563029697331007994e-02 3.447228743394689654e-01 7.242137841197689163e-02 nan 1.536025857348934931e-01
3.566810574758678132e-01 7.524562856236795272e-02 3.567978657294932354e-01 6.665320302223520788e-02 nan 1.446222452100356382e-01
3.695539666034981519e-01 5.815900607286646207e-02 3.695540299856509003e-01 6.616365118915985832e-02 nan 1.365693461488244331e-01
6.092573355266597268e-01 8.391703250267423808e-02 nan 8.269197956615326195e-02 nan 2.241336524045127732e-01
3.383945125274562260e-01 nan 3.522525207939135039e-01 1.374099377778474629e-01 nan 1.719430289007827795e-01
3.299422493532975786e-01 8.692956042646476922e-02 3.293435934953031774e-01 1.093334552482108923e-01 nan 1.444511414767235269e-01
3.496829538522318037e-01 7.519476623703108542e-02 3.479117434630183414e-01 8.007477826485839834e-02 nan 1.471357581828604266e-01
3.628205879043119864e-01 6.975849383878061916e-02 3.627563836509468675e-01 6.681119056622156216e-02 nan 1.378533440397389509e-01
6.053159131717128494e-01 8.455973030306344895e-02 nan 8.732134423517941280e-02 nan 2.228030122900443166e-01
3.339695021551836729e-01 nan 4.189029905652529306e-01 nan nan 2.471275072795633687e-01
3.353374034208919663e-01 1.241953222926130834e-01 3.455167463820667528e-01 nan nan 1.949505279044281281e-01
3.448546391401514644e-01 1.418530965461944349e-01 3.381885430827003547e-01 nan nan 1.751037212309535795e-01
3.809511185186664761e-01 8.617957831657278855e-02 3.835784795046121576e-01 nan nan 1.492908236601485639e-01
6.402185259348655011e-01 1.194431086228796013e-01 nan nan nan 2.403383654422549254e-01
nan nan 6.303157597886688279e-01 1.174808984501470033e-01 nan 2.522033417611841966e-01
3.455373078411593246e-01 nan 3.627164890205176739e-01 1.022299302523123898e-01 nan 1.895162728860105561e-01
nan 8.816336168213929902e-02 5.950955472488790310e-01 9.472632141128160821e-02 nan 2.220147696577000895e-01
3.422737578051092133e-01 7.790568824990742880e-02 3.459479933561817044e-01 7.787208900656546195e-02 nan 1.560004715822360943e-01
nan 8.359457068600871510e-02 6.074890218733015601e-01 8.523127470491463631e-02 nan 2.236851327357749220e-01
3.617548525730213127e-01 6.570251394577372728e-02 3.621019519805742104e-01 7.302388863474203184e-02 nan 1.374167928658888149e-01
nan 8.285671211876663445e-02 6.093151459668529890e-01 8.360896496074625428e-02 nan 2.242191769536341917e-01
3.722345795749142927e-01 6.130598280241136150e-02 3.722249689233466108e-01 5.583956564987251070e-02 nan 1.383949030494551202e-01
6.093670454986098717e-01 8.367787464255799224e-02 nan 8.272040270125738393e-02 nan 2.242346771575746134e-01
3.335537769082742576e-01 nan 3.423443823657699170e-01 1.437626688923465956e-01 nan 1.803391718336091742e-01
3.342571409603189991e-01 9.395563328722873753e-02 3.360146049493381026e-01 9.259817438217105012e-02 nan 1.431744464209432632e-01
3.485337056271372580e-01 6.732721643737342443e-02 3.513621713010307013e-01 8.454848795858811716e-02 nan 1.482284186758703326e-01
3.661592395573854408e-01 6.079039827729536272e-02 3.653768493805741313e-01 6.437820493997462035e-02 nan 1.432953078447704032e-01
6.063135232427394605e-01 8.686019060432444150e-02 nan 8.353421453133444419e-02 nan 2.232920716216017232e-01
2.711466210640597896e-01 nan 2.821775587610045322e-01 1.806093697243237317e-01 nan 2.660664504506119465e-01
2.868884436076046263e-01 1.162031846340483843e-01 3.170278543846586916e-01 1.164656056705314219e-01 nan 1.634149117031569176e-01
3.231608690830943820e-01 9.102229491347878232e-02 3.201148039376321974e-01 1.058443511935661246e-01 nan 1.598576808722285414e-01
3.506199687142120269e-01 9.292862034246002212e-02 3.473564324857403296e-01 6.885182561091614251e-02 nan 1.402431528466714372e-01
5.938943594356161926e-01 9.066429780691551144e-02 nan 9.601520184862177842e-02 nan 2.194261409088463788e-01
3.492291701419164562e-01 nan 3.521116972624907526e-01 nan nan 2.986591325955928466e-01
2.665924895527813643e-01 1.500212798255673718e-01 3.364765755030346694e-01 nan nan 2.469096551186166222e-01
3.257742355981355642e-01 1.355635295298176779e-01 3.396445052789217600e-01 nan nan 1.990177295931249701e-01
3.547792294506654787e-01 1.151755412367056197e-01 3.597728657587491163e-01 nan nan 1.702723635538797575e-01
6.049973911851198594e-01 1.375246787101217505e-01 nan nan nan 2.574779301047582236e-01
nan nan 6.421246610583617453e-01 1.149086326006707043e-01 nan 2.429667063409675920e-01
3.639001466466019741e-01 nan 3.733001574852247706e-01 8.763467148938802742e-02 nan 1.751650243787853112e-01
nan 8.906436059009838202e-02 5.973477272702978347e-01 9.340600311870488059e-02 nan 2.201819090208990415e-01
3.564634976097180163e-01 7.164100254835789605e-02 3.560714197088293287e-01 7.289296838744736828e-02 nan 1.429311117456474600e-01
nan 8.325672713730083996e-02 6.091727883578105240e-01 8.345785907787121871e-02 nan 2.241126254270174867e-01
3.723409252225549082e-01 5.824212237379088747e-02 3.723462881703926697e-01 5.829177832837365708e-02 nan 1.387788859048878221e-01
nan 8.260775854592983247e-02 6.102390826394126222e-01 8.265871033338897944e-02 nan 2.244944484812685659e-01
3.770187550888363104e-01 5.392608808545199667e-02 3.770187376048193539e-01 5.316927996074169438e-02 nan 1.388671392601505683e-01
6.101709909279464661e-01 8.264510952673957689e-02 nan 8.271453503492237624e-02 nan 2.244693645103915947e-01
3.535387760986168360e-01 nan 3.581475238743813128e-01 1.100704699895352495e-01 nan 1.782432300374666156e-01
3.426864789988703364e-01 8.923526555466525234e-02 3.434049986502235585e-01 7.652283476350221769e-02 nan 1.481504220327385934e-01
3.613210796119625257e-01 7.077485806007337288e-02 3.614066999098742849e-01 6.637405928897417706e-02 nan 1.401233031291155284e-01
3.686965161598816931e-01 6.188076789617391604e-02 3.686923983192081367e-01 6.174705997588445655e-02 nan 1.389832576488518601e-01
6.079291983961940815e-01 8.486015724967498064e-02 nan 8.356342796179758170e-02 nan 2.236472163923333145e-01
3.631695117804908390e-01 nan 2.982749589582938676e-01 1.399242078799989575e-01 nan 1.986313213812164191e-01
3.262734399414576325e-01 1.106962815768566533e-01 3.241908061773671190e-01 8.109289867393984497e-02 nan 1.577465736303787502e-01
3.542190687809090854e-01 7.097578234396756391e-02 3.550314744668963129e-01 7.093827878448392965e-02 nan 1.488353956237431497e-01
3.635951245332487147e-01 6.350806499683395168e-02 3.631089641875683283e-01 7.326050500675566901e-02 nan 1.365273412755933780e-01
6.044646719308162108e-01 8.869386374647680871e-02 nan 8.439232770937868389e-02 nan 2.224491366133283521e-01
3.571780816111546630e-01 nan 3.497058926735091555e-01 nan nan 2.931160257153362370e-01
3.146588808920193214e-01 1.910702841983479283e-01 3.146196941867263064e-01 nan nan 1.796511407229065826e-01
3.561201207677462954e-01 1.157974454595904895e-01 3.491800947314897541e-01 nan nan 1.789023390411735581e-01
3.748362813187788856e-01 8.484064744926225754e-02 3.735236448592497149e-01 nan nan 1.667994263727091697e-01
6.337791138133879176e-01 1.229645748500258068e-01 nan nan nan 2.432563113365863727e-01
nan nan 3.712700129033978391e-01 3.676601960787777568e-01 nan 2.610697910178244041e-01
1.810148703065379561e-01 nan 3.088480012813287212e-01 2.667388314946805283e-01 nan 2.433982969174527666e-01
nan 1.617286509479750889e-01 3.025803684082678524e-01 3.538526799423947766e-01 nan 1.818383007013623098e-01
1.715274158369168855e-01 1.102168416341515467e-01 2.802106676740622748e-01 2.685781661409928356e-01 nan 1.694669087138764851e-01
nan 1.420944959708679289e-01 3.443206706436387488e-01 3.198444946457730809e-01 nan 1.937403387397202692e-01
9.812424334451098906e-02 9.160129906211364470e-02 3.207495994567293729e-01 3.258197674730679561e-01 nan 1.637050906635782177e-01
nan 1.085346947091034575e-01 3.701167285375683291e-01 3.439024813810014902e-01 nan 1.774460953723267509e-01
7.912053702973839697e-02 7.982470024839476153e-02 3.496577680180858461e-01 3.525216882721314837e-01 nan 1.388753064316494701e-01
nan 1.566767126202723848e-01 nan 5.935834280374784333e-01 nan 2.497398593422492652e-01
9.664454242651759897e-02 9.032177107734626342e-02 nan 5.913452854144786164e-01 nan 2.216884010816574380e-01
1.764071683426842174e-01 nan 3.063626669052622042e-01 3.203989374608614549e-01 nan 1.968312272911920957e-01
9.650204147155373724e-02 8.628373490541263457e-02 3.344837975159397070e-01 3.306338608508944121e-01 nan 1.520965652561994952e-01
7.139262169703645966e-02 7.581594576812755726e-02 3.548584988309493871e-01 3.555342766960489786e-01 nan 1.423986570078375757e-01
6.790681497591564975e-02 6.109066744635847229e-02 3.644295200647713617e-01 3.644998902877406577e-01 nan 1.420731072252138516e-01
8.414321006921400559e-02 8.783807567515745929e-02 nan 6.050868285925126155e-01 nan 2.229318856631158918e-01
1.095123482792697001e-01 nan 3.597964002623356694e-01 3.549422276174351576e-01 nan 1.757490238409595007e-01
7.421795776418549373e-02 8.489625497816417898e-02 3.502173943142284362e-01 3.491122840393443560e-01 nan 1.415561089040774656e-01
6.497432361956941016e-02 6.231172793878230615e-02 3.671929434482325560e-01 3.673081748284676151e-01 nan 1.382128301649482305e-01
5.760790632497692770e-02 5.685977299118621237e-02 3.738299851392490325e-01 3.738270148578772822e-01 nan 1.378753206867105452e-01
8.338950215851724523e-02 8.283388749390474537e-02 nan 6.095275181332010517e-01 nan 2.242490922143769994e-01
1.302045107678767855e-01 nan 6.196525257915436180e-01 nan nan 2.501429634405796243e-01
8.777954676022463321e-02 9.170702491960178171e-02 5.992999598171876441e-01 nan nan 2.212134685029858994e-01
8.572086619679587793e-02 8.404026987165132134e-02 6.068702468857540833e-01 nan nan 2.233686170457988007e-01
8.278885839698357785e-02 8.313863872329017857e-02 6.097483019596441345e-01 nan nan 2.243242009200820675e-01
nan nan 3.882199786361514304e-01 3.516818737545276408e-01 nan 2.600981476093208733e-01
1.095885596506738779e-01 nan 3.547649087809227608e-01 3.746594656813351243e-01 nan 1.609870658870683202e-01
nan 1.394216055971970736e-01 3.247404889909191184e-01 3.458657349267562631e-01 nan 1.899721704851274895e-01
1.191767457481558296e-01 7.263591304438769825e-02 3.223191386404818393e-01 3.097666966647969478e-01 nan 1.761015059021776852e-01
nan 1.275674019495983691e-01 3.449207691858472424e-01 3.454164823156150033e-01 nan 1.820953465489393852e-01
8.685742141832381025e-02 8.615504673986590367e-02 3.408954200482305907e-01 3.438301887589302885e-01 nan 1.422619230346494068e-01
nan 1.091727833137260406e-01 3.644266430556363789e-01 3.699703222698890737e-01 nan 1.564302513607485345e-01
6.152587109852154790e-02 7.576030609155019746e-02 3.633447763290635901e-01 3.633752703426252340e-01 nan 1.359937761382393473e-01
nan 1.242057746848190258e-01 nan 6.345625626916435724e-01 nan 2.412316626235372352e-01
8.503567841843971686e-02 9.054889680887368009e-02 nan 6.026913498010598724e-01 nan 2.217240749716268000e-01
1.027910495659166284e-01 nan 3.422448132651172981e-01 3.545693271268035573e-01 nan 2.003948100421626688e-01
8.028031681009957510e-02 7.681654391149413119e-02 3.477294541242457182e-01 3.417536655158036063e-01 nan 1.534200196383569414e-01
6.371156777795436432e-02 7.694990477115985772e-02 3.567851918416332091e-01 3.567665090776867554e-01 nan 1.457868265315656886e-01
5.493999152742858050e-02 5.772140999894921631e-02 3.744341071405492549e-01 3.744367495418007286e-01 nan 1.384677417912721920e-01
8.335633234334856312e-02 8.308601208044202879e-02 nan 6.093783052252617072e-01 nan 2.241793503509478258e-01
1.022832923134468497e-01 nan 3.587838954036823291e-01 3.623853885401369657e-01 nan 1.765474237427338000e-01
7.261074035221345979e-02 7.142329062241617454e-02 3.595757367730119114e-01 3.594915687589534947e-01 nan 1.368986634934048763e-01
5.889058311065546725e-02 5.880261418792833567e-02 3.720511162869482025e-01 3.720459934117407719e-01 nan 1.382096930027272574e-01
5.374408906530599161e-02 5.684278989117978742e-02 3.755445446743307381e-01 3.755445487207256794e-01 nan 1.383240276484578868e-01
8.261255431720607167e-02 8.264309484929957539e-02 nan 6.102470181958997708e-01 nan 2.244973326375945821e-01
1.175190825349883839e-01 nan 6.388346733934153754e-01 nan nan 2.436462440715962685e-01
9.092427942441169697e-02 8.706530211387181195e-02 6.007470368694862728e-01 nan nan 2.212633815922301350e-01
8.442842474722241086e-02 8.360753575636421797e-02 6.082137929446036484e-01 nan nan 2.237502465518098060e-01
8.266124458069372405e-02 8.263504144183103639e-02 6.102173096793430673e-01 nan nan 2.244864042981321584e-01
nan nan 4.118499230376804210e-01 3.532341849535514111e-01 nan 2.349158920087682234e-01
1.353705167555357414e-01 nan 3.137748309982021921e-01 3.584851686155747785e-01 nan 1.923694836306872880e-01
nan 1.338320371917247342e-01 3.525370392196998104e-01 3.193401797927049035e-01 nan 1.942907437958705796e-01
1.147292141059042953e-01 1.161517871507358607e-01 3.096512668829525805e-01 3.127761131440465747e-01 nan 1.466916187163606611e-01
nan 1.410790232190197169e-01 3.176523087466703865e-01 3.317455820184990745e-01 nan 2.095230860158109332e-01
9.659358372441406715e-02 9.465677595218506546e-02 3.275522995930987835e-01 3.322665477816418855e-01 nan 1.489307929486602677e-01
nan 1.138039627757988087e-01 3.461205546899697727e-01 3.551353343953687625e-01 nan 1.849401481388626423e-01
7.462936844213141629e-02 7.638488375283632170e-02 3.523503806445497100e-01 3.566349707744389530e-01 nan 1.400003963860436129e-01
nan 1.315466914666605369e-01 nan 6.254788609359979157e-01 nan 2.429744475973415474e-01
9.166445266774586598e-02 9.063216638247682810e-02 nan 5.974972538554323975e-01 nan 2.202061270943448668e-01
1.261364040230442962e-01 nan 3.356946706469076669e-01 3.573784550683381522e-01 nan 1.807904702617099124e-01
8.953374574378106243e-02 9.851404347240540205e-02 3.227955230498035788e-01 3.233476283647354066e-01 nan 1.658090593692744807e-01
7.356986058050275779e-02 9.590580573663702590e-02 3.327780357699242075e-01 3.329121423819361714e-01 nan 1.648341555309998374e-01
7.953159389029954007e-02 6.943195232915118364e-02 3.512599551561969569e-01 3.518850698805298105e-01 nan 1.478914287438225783e-01
8.600223482708609091e-02 8.990088869655858683e-02 nan 6.024423882291367605e-01 nan 2.216544882472187006e-01
1.472931401833601495e-01 nan 3.522077621793356372e-01 3.272161413932341278e-01 nan 1.732829562440701687e-01
8.565728606026849767e-02 8.851796187706340024e-02 3.489153258564742233e-01 3.292199399124851045e-01 nan 1.476894862937090103e-01
9.157262477774665010e-02 7.459969913924800744e-02 3.491432641130905457e-01 3.471183065038717097e-01 nan 1.375661054660430316e-01
6.877055349687831443e-02 7.531772626302475626e-02 3.595837519046751196e-01 3.595252794931743101e-01 nan 1.368026888422475829e-01
8.475859140982643092e-02 8.548695635605618737e-02 nan 6.065605068042251302e-01 nan 2.231939454298922931e-01
1.745974749008742666e-01 nan 5.645818537171859441e-01 nan nan 2.608206713819398170e-01
1.074089970741968075e-01 1.067974128490412206e-01 5.712860429097139647e-01 nan nan 2.145075471670480904e-01
9.281204037862318679e-02 8.934150823974731925e-02 5.977682547627125587e-01 nan nan 2.200781966189168937e-01
8.574600809365204301e-02 8.450918418931824272e-02 6.064249163271936416e-01 nan nan 2.233198913898361559e-01
nan nan 8.259453944353556398e-02 8.259453944353556398e-02 6.102956854136227793e-01 2.245152356993060927e-01
6.102956854085935801e-01 nan 8.259453944835860872e-02 8.259453944559159988e-02 nan 2.245152356974562669e-01
nan 6.102956854118652963e-01 8.259453944353012389e-02 8.259453944594469244e-02 nan 2.245152356986598596e-01
3.789624233353650617e-01 3.789624233353650617e-01 5.135613231167156234e-02 5.130653598344789290e-02 nan 1.394124850341504351e-01
nan 6.102956850395916399e-01 8.259453992254635335e-02 8.259453947615419400e-02 nan 2.245152355617079376e-01
3.787906470937327241e-01 3.787906470937354997e-01 5.153179750360181027e-02 5.153699115850872425e-02 nan 1.393499171504213874e-01
nan 6.102956458420274455e-01 8.259453639700513328e-02 8.259459661923707063e-02 nan 2.245152211417303090e-01
3.784105703183713310e-01 3.784105703391457132e-01 5.221743141032889057e-02 5.173023093492482710e-02 nan 1.392311969972292451e-01
3.980078808485052466e-01 3.980080234270492179e-01 nan 5.699297551871355255e-02 nan 1.469911202057319899e-01
6.102956849003745576e-01 nan 8.259454001667182466e-02 8.259453957246075395e-02 nan 2.245152355104928776e-01
3.788520424417009536e-01 3.788520424416974564e-01 5.135199751275050517e-02 5.157166834445914977e-02 nan 1.393722492593921503e-01
3.768365191814078141e-01 3.768365191912937950e-01 5.419226681776238147e-02 5.337896857899442071e-02 nan 1.387557262305414707e-01
3.768693619530753547e-01 3.768693663433199670e-01 5.441052140321597785e-02 5.298900067588388496e-02 nan 1.388617496245048433e-01
3.967020370438631427e-01 3.966999371952079079e-01 nan 5.986271947865387522e-02 nan 1.467353062822748799e-01
6.102956820335858623e-01 nan 8.259454226957965717e-02 8.259454124097388716e-02 nan 2.245152344558606072e-01
3.781662726484985582e-01 3.781662726370474403e-01 5.190468037468298768e-02 5.262500823588256438e-02 nan 1.391377661038884495e-01
3.769788502490556414e-01 3.769788515171132448e-01 5.308116696755162123e-02 5.424908271303777868e-02 nan 1.387120485532417902e-01
3.763986820474510830e-01 3.763986447437612237e-01 5.352481337803979833e-02 5.516619641236578109e-02 nan 1.385116634183820028e-01
3.981923184115025438e-01 3.981864534084752494e-01 nan 5.695662170628221221e-02 nan 1.466646064737401334e-01
3.940534404994152085e-01 3.940531103320997208e-01 6.511673794963340756e-02 nan nan 1.467767112188515521e-01
3.970073772647445542e-01 3.970139423230092945e-01 5.891063817589707596e-02 nan nan 1.470680422363492001e-01
3.984436109428071693e-01 3.984593700078225553e-01 5.636212186648253269e-02 nan nan 1.467348971828878745e-01
8.259454743885528971e-02 nan 8.259454485953224290e-02 6.102956756091644230e-01 nan 2.245152320924480305e-01
nan 3.945620671104798083e-01 6.476507764621297625e-02 3.945621031724066974e-01 nan 1.461107520709004903e-01
5.304988882785232479e-02 3.776316785302356038e-01 5.267738413111213575e-02 3.776316786074171983e-01 nan 1.390093699033827235e-01
nan 3.944239596869825726e-01 6.465061357085478966e-02 3.943988001421209200e-01 nan 1.465266266000416762e-01
5.299651710954878664e-02 3.776706009937230157e-01 5.240694892607387911e-02 3.776705991853459010e-01 nan 1.392553337853084106e-01
nan 3.975186394284238034e-01 5.861066411706203350e-02 3.974530173598606053e-01 nan 1.464176790946535855e-01
5.282458218206208256e-02 3.774507978154711396e-01 5.338173405759569917e-02 3.774507743850901154e-01 nan 1.388921115597809564e-01
5.475716634171173131e-02 3.991443467167303250e-01 nan 3.991568086247611613e-01 nan 1.469416783167966922e-01
8.259454002145143192e-02 nan 8.259453950831099900e-02 6.102956849437777276e-01 nan 2.245152355264599942e-01
5.158333487893730640e-02 3.784794166953741046e-01 5.222172292971078572e-02 3.784794166954387751e-01 nan 1.392361088005389658e-01
5.199531293518446645e-02 3.782372211764289394e-01 5.235688840824604534e-02 3.782372216333602655e-01 nan 1.391733558467803111e-01
5.503550725917323583e-02 3.759682490624435269e-01 5.460625159383925703e-02 3.759682466798344724e-01 nan 1.384217454047095008e-01
5.966169914011162229e-02 3.968382003154096727e-01 nan 3.968361478907067030e-01 nan 1.466639526537721894e-01
8.259453945865592728e-02 nan 8.259453944447914253e-02 6.102956854018789512e-01 nan 2.245152356949860761e-01
5.139006281886791122e-02 3.789403873974973025e-01 5.132476521020155197e-02 3.789403873974973025e-01 nan 1.394043971759358624e-01
5.158590207764151420e-02 3.787495709145987655e-01 5.157877262514476424e-02 3.787495709145617395e-01 nan 1.393361834680534039e-01
5.208166603245625165e-02 3.782354718995020737e-01 5.229791535962577398e-02 3.782354719051415071e-01 nan 1.391494748032743589e-01
6.161219046056259224e-02 3.959956926670913924e-01 nan 3.959955111958432528e-01 nan 1.463966056765027834e-01
8.259453944353556398e-02 nan 8.259453944353556398e-02 nan 6.102956854136227793e-01 2.245152356993060927e-01
8.259453949246139959e-02 6.102956853797498749e-01 8.259453944094335975e-02 nan nan 2.245152356868452548e-01
8.259454015619961675e-02 6.102956846769160837e-01 8.259453973859728904e-02 nan nan 2.245152354282871077e-01
