nan nan 8.259453944353557786e-02 8.259453944353557786e-02 6.102956854136225573e-01 2.245152356993062592e-01
nan nan 9.003057317038071217e-02 6.652409557748213409e-01 nan 2.447284710547978637e-01
nan nan 8.259453944353557786e-02 8.259453944353557786e-02 6.102956854136225573e-01 2.245152356993062592e-01
nan nan 6.652409557748213409e-01 9.003057317038071217e-02 nan 2.447284710547978637e-01
nan nan 8.259453944353578603e-02 8.259453944353578603e-02 6.102956854136220022e-01 2.245152356993064258e-01
nan nan 4.223187982515179684e-01 4.223187982515179684e-01 nan 1.553624034969640910e-01
8.259453944353557786e-02 nan 8.259453944353557786e-02 nan 6.102956854136225573e-01 2.245152356993062592e-01
6.652409557748213409e-01 nan 9.003057317038071217e-02 nan nan 2.447284710547978637e-01
8.259453944353578603e-02 nan 8.259453944353578603e-02 nan 6.102956854136220022e-01 2.245152356993064258e-01
4.223187982515179684e-01 nan 4.223187982515179684e-01 nan nan 1.553624034969640910e-01
8.259453944353557786e-02 nan 8.259453944353557786e-02 nan 6.102956854136225573e-01 2.245152356993062592e-01
9.003057317038071217e-02 nan 6.652409557748213409e-01 nan nan 2.447284710547978637e-01
nan 8.259453944353557786e-02 nan 8.259453944353557786e-02 6.102956854136225573e-01 2.245152356993062592e-01
nan 6.652409557748213409e-01 nan 9.003057317038071217e-02 nan 2.447284710547978637e-01
nan 8.259453944353578603e-02 nan 8.259453944353578603e-02 6.102956854136220022e-01 2.245152356993064258e-01
nan 4.223187982515179684e-01 nan 4.223187982515179684e-01 nan 1.553624034969640910e-01
nan 8.259453944353557786e-02 nan 8.259453944353557786e-02 6.102956854136225573e-01 2.245152356993062592e-01
nan 9.003057317038071217e-02 nan 6.652409557748213409e-01 nan 2.447284710547978637e-01
8.259453944353578603e-02 8.259453944353578603e-02 nan nan 6.102956854136220022e-01 2.245152356993064258e-01
4.223187982515179684e-01 4.223187982515179684e-01 nan nan nan 1.553624034969640910e-01
8.259453944353557786e-02 8.259453944353557786e-02 nan nan 6.102956854136225573e-01 2.245152356993062592e-01
9.003057317038071217e-02 6.652409557748213409e-01 nan nan nan 2.447284710547978637e-01
8.259453944353557786e-02 8.259453944353557786e-02 nan nan 6.102956854136225573e-01 2.245152356993062592e-01
6.652409557748213409e-01 9.003057317038071217e-02 nan nan nan 2.447284710547978637e-01
6.102956854136224463e-01 nan 8.259453944353577215e-02 8.259453944353577215e-02 nan 2.245152356993061482e-01
nan 6.102956854136224463e-01 8.259453944353577215e-02 8.259453944353577215e-02 nan 2.245152356993061482e-01
3.789960383933220212e-01 3.789960383933220212e-01 5.129153620151478271e-02 5.129153620151478271e-02 nan 1.394248508103264061e-01
nan 6.102956854136217801e-01 8.259453944353585542e-02 8.259453944353585542e-02 nan 2.245152356993065368e-01
3.789960383933220767e-01 3.789960383933220767e-01 5.129153620151474802e-02 5.129153620151474802e-02 nan 1.394248508103263229e-01
nan 6.102956854136220022e-01 8.259453944353579991e-02 8.259453944353579991e-02 nan 2.245152356993064258e-01
3.789960383902032381e-01 3.789960383902032381e-01 5.129153620125656565e-02 5.129153620915798822e-02 nan 1.394248508091789629e-01
nan 6.652409557748201197e-01 nan 9.003057317038197505e-02 nan 2.447284710547978637e-01
3.994860423356264012e-01 3.994860423356264012e-01 nan 5.406521331852532503e-02 nan 1.469627020102219073e-01
6.102956854136217801e-01 nan 8.259453944353585542e-02 8.259453944353585542e-02 nan 2.245152356993065368e-01
3.789960383933220767e-01 3.789960383933220767e-01 5.129153620151474802e-02 5.129153620151474802e-02 nan 1.394248508103263229e-01
3.789960383916775588e-01 3.789960383916775588e-01 5.129153620562119237e-02 5.129153620130238317e-02 nan 1.394248508097213346e-01
3.789960382458900101e-01 3.789960382458900101e-01 5.129153622034620524e-02 5.129153653178458033e-02 nan 1.394248507560890971e-01
3.994861717130474554e-01 3.994861717130474554e-01 nan 5.406490696838909399e-02 nan 1.469627496055160576e-01
6.102956854136220022e-01 nan 8.259453944353579991e-02 8.259453944353579991e-02 nan 2.245152356993064258e-01
3.789960383932397536e-01 3.789960383932397536e-01 5.129153620169201594e-02 5.129153620153257404e-02 nan 1.394248508102960138e-01
3.789960379432107951e-01 3.789960379432107951e-01 5.129153708222321251e-02 5.129153638661561321e-02 nan 1.394248506447396396e-01
3.789960301640802887e-01 3.789960301640802887e-01 5.129154076258393702e-02 5.129155112629808777e-02 nan 1.394248477829574673e-01
3.994783013386745130e-01 3.994783013386745130e-01 nan 5.408354306304411635e-02 nan 1.469598542596069202e-01
6.652409557748151236e-01 nan 9.003057317038881679e-02 nan nan 2.447284710547960040e-01
3.994862980679294573e-01 3.994862980679294573e-01 5.406460777526239658e-02 nan nan 1.469627960888786611e-01
3.994861136949612868e-01 3.994861136949612868e-01 5.406504434822087535e-02 nan nan 1.469627282618564956e-01
3.994854383362701489e-01 3.994854383362701489e-01 5.406664351566253107e-02 nan nan 1.469624798117970810e-01
4.223186869610196514e-01 4.223186869610196514e-01 nan nan nan 1.553626260779606971e-01
6.102956854136224463e-01 nan 8.259453944353577215e-02 8.259453944353577215e-02 nan 2.245152356993061482e-01
nan 6.102956854136224463e-01 8.259453944353577215e-02 8.259453944353577215e-02 nan 2.245152356993061482e-01
3.789960383933220212e-01 3.789960383933220212e-01 5.129153620151478271e-02 5.129153620151478271e-02 nan 1.394248508103264061e-01
nan 6.102956854136217801e-01 8.259453944353585542e-02 8.259453944353585542e-02 nan 2.245152356993065368e-01
3.789960383933220767e-01 3.789960383933220767e-01 5.129153620151474802e-02 5.129153620151474802e-02 nan 1.394248508103263229e-01
nan 6.102956854136220022e-01 8.259453944353579991e-02 8.259453944353579991e-02 nan 2.245152356993064258e-01
3.789960383350681750e-01 3.789960383350681750e-01 5.129153619371558392e-02 5.129153634725217709e-02 nan 1.394248507888959099e-01
nan 6.652409557748076852e-01 nan 9.003057317039900309e-02 nan 2.447284710547932840e-01
3.994862979082864918e-01 3.994862979082864918e-01 nan 5.406460815327766845e-02 nan 1.469627960301492786e-01
6.102956854136217801e-01 nan 8.259453944353585542e-02 8.259453944353585542e-02 nan 2.245152356993065368e-01
3.789960383933217991e-01 3.789960383933217991e-01 5.129153620151471332e-02 5.129153620151544191e-02 nan 1.394248508103262396e-01
3.789960383929394383e-01 3.789960383929394383e-01 5.129153620231421268e-02 5.129153620162148902e-02 nan 1.394248508101855466e-01
3.789960380842988807e-01 3.789960380842988807e-01 5.129153627914193048e-02 5.129153685561720771e-02 nan 1.394248506966430379e-01
3.994861589283887349e-01 3.994861589283887349e-01 nan 5.406493724089455472e-02 nan 1.469627449023279964e-01
6.102956854136220022e-01 nan 8.259453944353579991e-02 8.259453944353579991e-02 nan 2.245152356993064258e-01
3.789960383927989396e-01 3.789960383927989396e-01 5.129153620246594547e-02 5.129153620180237905e-02 nan 1.394248508101338657e-01
3.789960383751543871e-01 3.789960383751543871e-01 5.129153623600032907e-02 5.129153621004805402e-02 nan 1.394248508036428080e-01
3.789957532893745706e-01 3.789957532893745706e-01 5.129224957657613215e-02 5.129149791822927573e-02 nan 1.394247459264454647e-01
3.994852714038054087e-01 3.994852714038054087e-01 nan 5.406703878755426268e-02 nan 1.469624184048349269e-01
6.652409557747768210e-01 nan 9.003057317044135810e-02 nan nan 2.447284710547819042e-01
3.994862540668916995e-01 3.994862540668916995e-01 5.406471196441502841e-02 nan nan 1.469627799018014547e-01
3.994862595800959815e-01 3.994862595800959815e-01 5.406469890981193543e-02 nan nan 1.469627819299959837e-01
3.994859498453741109e-01 3.994859498453741109e-01 5.406543231999233479e-02 nan nan 1.469626679892594712e-01
4.223187946924701897e-01 4.223187946924701897e-01 nan nan nan 1.553624106150596207e-01
6.102956854136220022e-01 nan 8.259453944353579991e-02 8.259453944353579991e-02 nan 2.245152356993063980e-01
nan 6.102956854136220022e-01 8.259453944353579991e-02 8.259453944353579991e-02 nan 2.245152356993063980e-01
3.789960383933221322e-01 3.789960383933221322e-01 5.129153620151475496e-02 5.129153620151475496e-02 nan 1.394248508103263506e-01
nan 6.102956854136220022e-01 8.259453944353579991e-02 8.259453944353579991e-02 nan 2.245152356993064258e-01
3.789960383933220212e-01 3.789960383933220212e-01 5.129153620151500476e-02 5.129153620151473414e-02 nan 1.394248508103262951e-01
nan 6.102956854136220022e-01 8.259453944353578603e-02 8.259453944353578603e-02 nan 2.245152356993063980e-01
3.789960383423491286e-01 3.789960383423491286e-01 5.129153620034525990e-02 5.129153632338199348e-02 nan 1.394248507915744340e-01
nan 6.652409557748200086e-01 nan 9.003057317038212770e-02 nan 2.447284710547978359e-01
3.994861634692186692e-01 3.994861634692186692e-01 nan 5.406492648878251372e-02 nan 1.469627465727801618e-01
6.102956854136220022e-01 nan 8.259453944353579991e-02 8.259453944353579991e-02 nan 2.245152356993064258e-01
3.789960383933217436e-01 3.789960383933217436e-01 5.129153620151560844e-02 5.129153620151469251e-02 nan 1.394248508103261841e-01
3.789960383875382588e-01 3.789960383875382588e-01 5.129153621585377104e-02 5.129153620087120724e-02 nan 1.394248508081985527e-01
3.789960379270631563e-01 3.789960379270631563e-01 5.129153622901840709e-02 5.129153727805601387e-02 nan 1.394248506387992526e-01
3.994856633747823627e-01 3.994856633747823627e-01 nan 5.406611065211634759e-02 nan 1.469625625983189132e-01
6.102956854136220022e-01 nan 8.259453944353578603e-02 8.259453944353578603e-02 nan 2.245152356993063980e-01
3.789960383541862154e-01 3.789960383541862154e-01 5.129153629820758925e-02 5.129153619749084875e-02 nan 1.394248507959290340e-01
3.789960379212162778e-01 3.789960379212162778e-01 5.129153627820282058e-02 5.129153724271631049e-02 nan 1.394248506366483065e-01
3.789960177460819923e-01 3.789960177460819923e-01 5.129156570245319707e-02 5.129155559075126991e-02 nan 1.394248432146316663e-01
3.994854158686808598e-01 3.994854158686808598e-01 nan 5.406669671040241487e-02 nan 1.469624715522359348e-01
6.652409557719664024e-01 nan 9.003057317428563022e-02 nan nan 2.447284710537480090e-01
3.994862122846870589e-01 3.994862122846870589e-01 5.406481089963845188e-02 nan nan 1.469627645309873887e-01
3.994842123817488599e-01 3.994842123817488599e-01 5.406954642861971916e-02 nan nan 1.469620288078825610e-01
3.994818518815976827e-01 3.994818518815976827e-01 5.407513580172291362e-02 nan nan 1.469611604350817835e-01
4.223187954788554244e-01 4.223187954788554244e-01 nan nan nan 1.553624090422892623e-01
nan nan 9.003057317052591546e-02 6.652409557747149815e-01 nan 2.447284710547591724e-01
8.259453944353579991e-02 nan 8.259453944353579991e-02 6.102956854136220022e-01 nan 2.245152356993064258e-01
nan 3.994862696623769360e-01 5.406467503618609532e-02 3.994862696623769360e-01 nan 1.469627856390598730e-01
5.129153624062503941e-02 3.789960383776168618e-01 5.129153619959262583e-02 3.789960383776168618e-01 nan 1.394248508045486667e-01
nan 3.994839993249908461e-01 5.407005092131311058e-02 3.994839993249908461e-01 nan 1.469619504287052458e-01
5.129153730451166404e-02 3.789960377928036639e-01 5.129153652047287182e-02 3.789960377928036639e-01 nan 1.394248505894079559e-01
nan 3.994845890882930406e-01 5.406865442468120064e-02 3.994845890882930406e-01 nan 1.469621673987327459e-01
5.129153464355500763e-02 3.789960080820745092e-01 5.129160953285447078e-02 3.789960080820745092e-01 nan 1.394248396594415240e-01
nan 4.223187969322854118e-01 nan 4.223187969322854118e-01 nan 1.553624061354291763e-01
5.406551984505838376e-02 3.994859128768234457e-01 nan 3.994859128768234457e-01 nan 1.469626544012947178e-01
8.259453944353584154e-02 nan 8.259453944353584154e-02 6.102956854136216691e-01 nan 2.245152356993065090e-01
5.129153620151474802e-02 3.789960383933220767e-01 5.129153620151474802e-02 3.789960383933220767e-01 nan 1.394248508103263229e-01
5.129153620200323227e-02 3.789960383931197385e-01 5.129153620150549153e-02 3.789960383931197385e-01 nan 1.394248508102518547e-01
5.129153684576123751e-02 3.789960381316606064e-01 5.129153617685112271e-02 3.789960381316606064e-01 nan 1.394248507140664339e-01
5.406537509805996178e-02 3.994859740130844994e-01 nan 3.994859740130844994e-01 nan 1.469626768757712199e-01
8.259453944353575827e-02 nan 8.259453944353575827e-02 6.102956854136223352e-01 nan 2.245152356993061205e-01
5.129153620151478271e-02 3.789960383933220212e-01 5.129153620151478271e-02 3.789960383933220212e-01 nan 1.394248508103264061e-01
5.129153620151474802e-02 3.789960383933220767e-01 5.129153620151474802e-02 3.789960383933220767e-01 nan 1.394248508103263229e-01
5.129153620196955088e-02 3.789960383927402643e-01 5.129153620243778050e-02 3.789960383927402643e-01 nan 1.394248508101122719e-01
5.406461861300537047e-02 3.994862934909468866e-01 nan 3.994862934909468866e-01 nan 1.469627944051008495e-01
8.259453944353577215e-02 6.102956854136224463e-01 8.259453944353577215e-02 nan nan 2.245152356993061482e-01
8.259453944353585542e-02 6.102956854136217801e-01 8.259453944353585542e-02 nan nan 2.245152356993065368e-01
8.259453944353579991e-02 6.102956854136220022e-01 8.259453944353579991e-02 nan nan 2.245152356993064258e-01
9.003057317038329344e-02 6.652409557748192315e-01 nan nan nan 2.447284710547975306e-01
nan nan 9.003057317038591634e-02 6.652409557748173441e-01 nan 2.447284710547968367e-01
8.259453944353579991e-02 nan 8.259453944353579991e-02 6.102956854136220022e-01 nan 2.245152356993064258e-01
nan 3.994862877804381540e-01 5.406463213480158791e-02 3.994862877804381540e-01 nan 1.469627923043221041e-01
5.129153620175183614e-02 3.789960383926442300e-01 5.129153620288263299e-02 3.789960383926442300e-01 nan 1.394248508100769668e-01
nan 3.994862698226664399e-01 5.406467465663960387e-02 3.994862698226664399e-01 nan 1.469627856980275926e-01
5.129153597369824624e-02 3.789960366594161134e-01 5.129154053501160798e-02 3.789960366594161134e-01 nan 1.394248501724579536e-01
nan 3.994856719880942597e-01 5.406609025487587455e-02 3.994856719880942597e-01 nan 1.469625657689356268e-01
5.129155767018665768e-02 3.789960261033423206e-01 5.129154383403262962e-02 3.789960261033423206e-01 nan 1.394248462890959606e-01
nan 4.223185270873815456e-01 nan 4.223185270873815456e-01 nan 1.553629458252369366e-01
5.408611375435532637e-02 3.994772156882451797e-01 nan 3.994772156882451797e-01 nan 1.469594548691543490e-01
8.259453944353579991e-02 nan 8.259453944353579991e-02 6.102956854136220022e-01 nan 2.245152356993064258e-01
5.129153620151474108e-02 3.789960383933220767e-01 5.129153620151474108e-02 3.789960383933220767e-01 nan 1.394248508103262951e-01
5.129153620422798043e-02 3.789960383917077569e-01 5.129153620262404817e-02 3.789960383917077569e-01 nan 1.394248508097324368e-01
5.129153627781481151e-02 3.789960382294983443e-01 5.129153651312959306e-02 3.789960382294983443e-01 nan 1.394248507500589485e-01
5.406916775930414865e-02 3.994843723008284497e-01 nan 3.994843723008284497e-01 nan 1.469620876390387854e-01
8.259453944353579991e-02 nan 8.259453944353579991e-02 6.102956854136220022e-01 nan 2.245152356993063980e-01
5.129153620151475496e-02 3.789960383933221322e-01 5.129153620151475496e-02 3.789960383933221322e-01 nan 1.394248508103263506e-01
5.129153620151472026e-02 3.789960383933219101e-01 5.129153620151526843e-02 3.789960383933219101e-01 nan 1.394248508103262396e-01
5.129153620168605543e-02 3.789960383921090470e-01 5.129153620421568471e-02 3.789960383921090470e-01 nan 1.394248508098800687e-01
5.406467606768970008e-02 3.994862692267536208e-01 nan 3.994862692267536208e-01 nan 1.469627854788030097e-01
8.259453944353579991e-02 6.102956854136220022e-01 8.259453944353579991e-02 nan nan 2.245152356993063980e-01
8.259453944353579991e-02 6.102956854136220022e-01 8.259453944353579991e-02 nan nan 2.245152356993064258e-01
8.259453944353578603e-02 6.102956854136220022e-01 8.259453944353578603e-02 nan nan 2.245152356993063980e-01
9.003057317094954881e-02 6.652409557744052293e-01 nan nan nan 2.447284710546452635e-01
nan nan 9.003057317108881241e-02 6.652409557743034219e-01 nan 2.447284710546077935e-01
8.259453944353579991e-02 nan 8.259453944353579991e-02 6.102956854136220022e-01 nan 2.245152356993064258e-01
nan 3.994862008750624249e-01 5.406483791625405627e-02 3.994862008750624249e-01 nan 1.469627603336210453e-01
5.129153620676069059e-02 3.789960383909239394e-01 5.129153620194733254e-02 3.789960383909239394e-01 nan 1.394248508094440842e-01
nan 3.994862550492513931e-01 5.406470963820345088e-02 3.994862550492513931e-01 nan 1.469627802632937352e-01
5.129155043913977141e-02 3.789960298305490305e-01 5.129154223950403019e-02 3.789960298305490305e-01 nan 1.394248476602581444e-01
nan 3.994861228373706163e-01 5.406502267558917912e-02 3.994861228373706163e-01 nan 1.469627316496696090e-01
5.129156371482263693e-02 3.789959744051644708e-01 5.129166020444976548e-02 3.789959744051644708e-01 nan 1.394248272703986491e-01
nan 4.223187924065075483e-01 nan 4.223187924065075483e-01 nan 1.553624151869849312e-01
5.408937199292842418e-02 3.994758396692715263e-01 nan 3.994758396692715263e-01 nan 1.469589486685286550e-01
8.259453944353584154e-02 nan 8.259453944353584154e-02 6.102956854136216691e-01 nan 2.245152356993065090e-01
5.129153620151474802e-02 3.789960383933220767e-01 5.129153620151474802e-02 3.789960383933220767e-01 nan 1.394248508103263229e-01
5.129153620181624296e-02 3.789960383931753607e-01 5.129153620156067656e-02 3.789960383931753607e-01 nan 1.394248508102723383e-01
5.129153627080525191e-02 3.789960379757838504e-01 5.129153712090447903e-02 3.789960379757838504e-01 nan 1.394248506567225820e-01
5.406487777909207981e-02 3.994861840367258665e-01 nan 3.994861840367258665e-01 nan 1.469627541474561039e-01
8.259453944353575827e-02 nan 8.259453944353575827e-02 6.102956854136223352e-01 nan 2.245152356993061205e-01
5.129153620151478271e-02 3.789960383933220212e-01 5.129153620151478271e-02 3.789960383933220212e-01 nan 1.394248508103264061e-01
5.129153620151457454e-02 3.789960383933194121e-01 5.129153620152122200e-02 3.789960383933194121e-01 nan 1.394248508103253514e-01
5.129153620199160268e-02 3.789960383925961573e-01 5.129153620275694186e-02 3.789960383925961573e-01 nan 1.394248508100592587e-01
5.406475197866413007e-02 3.994862371681221491e-01 nan 3.994862371681221491e-01 nan 1.469627736850915578e-01
8.259453944353577215e-02 6.102956854136224463e-01 8.259453944353577215e-02 nan nan 2.245152356993061482e-01
8.259453944353585542e-02 6.102956854136217801e-01 8.259453944353585542e-02 nan nan 2.245152356993065368e-01
8.259453944353579991e-02 6.102956854136220022e-01 8.259453944353579991e-02 nan nan 2.245152356993064258e-01
9.003057317038096197e-02 6.652409557748208968e-01 nan nan nan 2.447284710547981412e-01
nan nan 6.652409557748205637e-01 9.003057317038154483e-02 nan 2.447284710547980024e-01
3.994862398171492579e-01 nan 3.994862398171492579e-01 5.406474570608738039e-02 nan 1.469627746596141593e-01
nan 8.259453944353579991e-02 6.102956854136220022e-01 8.259453944353579991e-02 nan 2.245152356993064258e-01
3.789960383922975629e-01 5.129153620404858921e-02 3.789960383922975629e-01 5.129153620140688985e-02 nan 1.394248508099494299e-01
nan 8.259453944353585542e-02 6.102956854136217801e-01 8.259453944353585542e-02 nan 2.245152356993065368e-01
3.789960383933220767e-01 5.129153620151474802e-02 3.789960383933220767e-01 5.129153620151474802e-02 nan 1.394248508103263229e-01
nan 8.259453944353577215e-02 6.102956854136224463e-01 8.259453944353577215e-02 nan 2.245152356993061482e-01
3.789960383933220212e-01 5.129153620151478271e-02 3.789960383933220212e-01 5.129153620151478271e-02 nan 1.394248508103264061e-01
6.102956854136224463e-01 8.259453944353577215e-02 nan 8.259453944353577215e-02 nan 2.245152356993061482e-01
3.994861665872491141e-01 nan 3.994861665872491141e-01 5.406491910535422829e-02 nan 1.469627477201475019e-01
3.789960381366233588e-01 5.129153677582246745e-02 3.789960381366233588e-01 5.129153623503870246e-02 nan 1.394248507158921402e-01
3.789960383928033250e-01 5.129153620147432896e-02 3.789960383928033250e-01 5.129153620278351783e-02 nan 1.394248508101354755e-01
3.789960383933220767e-01 5.129153620151474802e-02 3.789960383933220767e-01 5.129153620151474802e-02 nan 1.394248508103263229e-01
6.102956854136217801e-01 8.259453944353585542e-02 nan 8.259453944353585542e-02 nan 2.245152356993065368e-01
3.994836325449136472e-01 nan 3.994836325449136472e-01 5.407091941127189355e-02 nan 1.469618154989009162e-01
3.789960129241488618e-01 5.129159887038882426e-02 3.789960129241488618e-01 5.129153384057244525e-02 nan 1.394248414407411318e-01
3.789960373739592048e-01 5.129153842878429737e-02 3.789960373739592048e-01 5.129153638797362413e-02 nan 1.394248504353236828e-01
3.789960381427726621e-01 5.129153616874646687e-02 3.789960381427726621e-01 5.129153682755389215e-02 nan 1.394248507181543306e-01
6.102956854136220022e-01 8.259453944353579991e-02 nan 8.259453944353579991e-02 nan 2.245152356993064258e-01
4.223180102978558170e-01 nan 4.223180102978558170e-01 nan nan 1.553639794042883937e-01
3.994856986547691280e-01 5.406602710838098735e-02 3.994856986547691280e-01 nan nan 1.469625755820806456e-01
3.994845009888798870e-01 5.406886304179821245e-02 3.994845009888798870e-01 nan nan 1.469621349804421662e-01
3.994863045756146258e-01 5.406459236584841566e-02 3.994863045756146258e-01 nan nan 1.469627984829222356e-01
6.652409557742087198e-01 9.003057317121833381e-02 nan nan nan 2.447284710545729325e-01
nan nan 6.652409557745544433e-01 9.003057317074536492e-02 nan 2.447284710547001363e-01
3.994861962030401559e-01 nan 3.994861962030401559e-01 5.406484897903947318e-02 nan 1.469627586148801179e-01
nan 8.259453944353578603e-02 6.102956854136220022e-01 8.259453944353578603e-02 nan 2.245152356993063980e-01
3.789960383792074228e-01 5.129153620147716697e-02 3.789960383792074228e-01 5.129153623497405973e-02 nan 1.394248508051338376e-01
nan 8.259453944353579991e-02 6.102956854136220022e-01 8.259453944353579991e-02 nan 2.245152356993064258e-01
3.789960383933186905e-01 5.129153620152331061e-02 3.789960383933186905e-01 5.129153620151428311e-02 nan 1.394248508103250461e-01
nan 8.259453944353579991e-02 6.102956854136220022e-01 8.259453944353579991e-02 nan 2.245152356993063980e-01
3.789960383933221322e-01 5.129153620151475496e-02 3.789960383933221322e-01 5.129153620151475496e-02 nan 1.394248508103263506e-01
6.102956854136220022e-01 8.259453944353579991e-02 nan 8.259453944353579991e-02 nan 2.245152356993063980e-01
3.994841490842513942e-01 nan 3.994841490842513942e-01 5.406969630946679983e-02 nan 1.469620055220303700e-01
3.789960380171421006e-01 5.129153699217501444e-02 3.789960380171421006e-01 5.129153630160327576e-02 nan 1.394248506719374392e-01
3.789960383915713660e-01 5.129153620131772506e-02 3.789960383915713660e-01 5.129153620585710782e-02 nan 1.394248508096822825e-01
3.789960383933221322e-01 5.129153620151474802e-02 3.789960383933221322e-01 5.129153620151474802e-02 nan 1.394248508103263229e-01
6.102956854136220022e-01 8.259453944353579991e-02 nan 8.259453944353579991e-02 nan 2.245152356993064258e-01
3.994853904428738445e-01 nan 3.994853904428738445e-01 5.406675691725165017e-02 nan 1.469624621970008205e-01
3.789959879964276968e-01 5.129158981731161970e-02 3.789959879964276968e-01 5.129160191948735348e-02 nan 1.394248322703454945e-01
3.789960383628353524e-01 5.129153623032037257e-02 3.789960383628353524e-01 5.129153624489793395e-02 nan 1.394248507991109054e-01
3.789960383925493614e-01 5.129153620243719069e-02 3.789960383925493614e-01 5.129153620242187656e-02 nan 1.394248508100420503e-01
6.102956854136220022e-01 8.259453944353578603e-02 nan 8.259453944353578603e-02 nan 2.245152356993063980e-01
4.223187972002055979e-01 nan 4.223187972002055979e-01 nan nan 1.553624055995887487e-01
3.994844531283987532e-01 5.406897628579119403e-02 3.994844531283987532e-01 nan nan 1.469621174574113343e-01
3.994861185356610722e-01 5.406503288602913099e-02 3.994861185356610722e-01 nan nan 1.469627300426486205e-01
3.994862980871604630e-01 5.406460772972577350e-02 3.994862980871604630e-01 nan nan 1.469627960959533353e-01
6.652409557730466494e-01 9.003057317280778460e-02 nan nan nan 2.447284710541454411e-01
nan nan 6.652409557748201197e-01 9.003057317038197505e-02 nan 2.447284710547978637e-01
3.994862779663376218e-01 nan 3.994862779663376218e-01 5.406465537340849475e-02 nan 1.469627886939162686e-01
nan 8.259453944353579991e-02 6.102956854136220022e-01 8.259453944353579991e-02 nan 2.245152356993064258e-01
3.789960383910158659e-01 5.129153620476319814e-02 3.789960383910158659e-01 5.129153620372716577e-02 nan 1.394248508094778904e-01
nan 8.259453944353585542e-02 6.102956854136217801e-01 8.259453944353585542e-02 nan 2.245152356993065368e-01
3.789960383933220767e-01 5.129153620151474802e-02 3.789960383933220767e-01 5.129153620151474802e-02 nan 1.394248508103263229e-01
nan 8.259453944353577215e-02 6.102956854136224463e-01 8.259453944353577215e-02 nan 2.245152356993061482e-01
3.789960383933220212e-01 5.129153620151478271e-02 3.789960383933220212e-01 5.129153620151478271e-02 nan 1.394248508103264061e-01
6.102956854136224463e-01 8.259453944353577215e-02 nan 8.259453944353577215e-02 nan 2.245152356993061482e-01
3.994863001360141608e-01 nan 3.994863001360141608e-01 5.406460287822326127e-02 nan 1.469627968497484727e-01
3.789960371282151685e-01 5.129153909465739014e-02 3.789960371282151685e-01 5.129153630399260061e-02 nan 1.394248503449194987e-01
3.789960383913378861e-01 5.129153620182204387e-02 3.789960383913378861e-01 5.129153620590586743e-02 nan 1.394248508095963512e-01
3.789960383933220767e-01 5.129153620151474802e-02 3.789960383933220767e-01 5.129153620151474802e-02 nan 1.394248508103263229e-01
6.102956854136217801e-01 8.259453944353585542e-02 nan 8.259453944353585542e-02 nan 2.245152356993065368e-01
3.994855088459705050e-01 nan 3.994855088459705050e-01 5.406647655758544530e-02 nan 1.469625057504735932e-01
3.789960331338370625e-01 5.129153744595233572e-02 3.789960331338370625e-01 5.129154741090381775e-02 nan 1.394248488754699089e-01
3.789960379389729628e-01 5.129153672633583738e-02 3.789960379389729628e-01 5.129153675253775302e-02 nan 1.394248506431806089e-01
3.789960383931457177e-01 5.129153620183563717e-02 3.789960383931457177e-01 5.129153620161151089e-02 nan 1.394248508102614303e-01
6.102956854136220022e-01 8.259453944353579991e-02 nan 8.259453944353579991e-02 nan 2.245152356993064258e-01
4.223187841950870047e-01 nan 4.223187841950870047e-01 nan nan 1.553624316098259905e-01
3.994850460963088601e-01 5.406757229303386231e-02 3.994850460963088601e-01 nan nan 1.469623355143483134e-01
3.994861364755583621e-01 5.406499040649496296e-02 3.994861364755583621e-01 nan nan 1.469627366423883474e-01
3.994862843494735860e-01 5.406464025890304198e-02 3.994862843494735860e-01 nan nan 1.469627910421499040e-01
6.652409557748039104e-01 9.003057317040424889e-02 nan nan nan 2.447284710547918685e-01
nan nan 4.223187242384803808e-01 4.223187242384803808e-01 nan 1.553625515230392939e-01
5.406612923879742377e-02 nan 3.994856555252590535e-01 3.994856555252590535e-01 nan 1.469625597106845039e-01
nan 5.406851897187320288e-02 3.994846462953526856e-01 3.994846462953526856e-01 nan 1.469621884374213150e-01
5.129154040790716296e-02 5.129153958876129377e-02 3.789960351863853605e-01 3.789960351863853605e-01 nan 1.394248496305607321e-01
nan 5.406485097972773407e-02 3.994861953581116953e-01 3.994861953581116953e-01 nan 1.469627583040488128e-01
5.129154767076732346e-02 5.129153619056598529e-02 3.789960335542649772e-01 3.789960335542649772e-01 nan 1.394248490301367160e-01
nan 5.406634838402185617e-02 3.994855629761299709e-01 3.994855629761299709e-01 nan 1.469625256637182575e-01
5.129153620395122959e-02 5.129153620249188306e-02 3.789960383918803966e-01 3.789960383918803966e-01 nan 1.394248508097959416e-01
nan 9.003057317045459751e-02 nan 6.652409557747670510e-01 nan 2.447284710547783237e-01
8.259453944353579991e-02 8.259453944353579991e-02 nan 6.102956854136220022e-01 nan 2.245152356993064258e-01
5.406470073779423569e-02 nan 3.994862588080967947e-01 3.994862588080967947e-01 nan 1.469627816460121750e-01
5.129153596205462268e-02 5.129154208524279446e-02 3.789960360096416569e-01 3.789960360096416569e-01 nan 1.394248499334193037e-01
5.129153633650761906e-02 5.129153619423502952e-02 3.789960383393863874e-01 3.789960383393863874e-01 nan 1.394248507904845003e-01
5.129153620151474802e-02 5.129153620151474802e-02 3.789960383933221322e-01 3.789960383933221322e-01 nan 1.394248508103263229e-01
8.259453944353579991e-02 8.259453944353579991e-02 nan 6.102956854136220022e-01 nan 2.245152356993064258e-01
5.406595951883062801e-02 nan 3.994857272012101168e-01 3.994857272012101168e-01 nan 1.469625860787492078e-01
5.129153619491320232e-02 5.129153641077383030e-02 3.789960383077359274e-01 3.789960383077359274e-01 nan 1.394248507788409253e-01
5.129153620151456067e-02 5.129153620151802317e-02 3.789960383933207444e-01 3.789960383933207444e-01 nan 1.394248508103258233e-01
5.129153620151475496e-02 5.129153620151475496e-02 3.789960383933221322e-01 3.789960383933221322e-01 nan 1.394248508103263506e-01
8.259453944353579991e-02 8.259453944353579991e-02 nan 6.102956854136220022e-01 nan 2.245152356993063980e-01
9.003057317146383187e-02 nan 6.652409557740291968e-01 nan nan 2.447284710545069020e-01
8.259453944353579991e-02 8.259453944353579991e-02 6.102956854136220022e-01 nan nan 2.245152356993064258e-01
8.259453944353579991e-02 8.259453944353579991e-02 6.102956854136220022e-01 nan nan 2.245152356993064258e-01
8.259453944353579991e-02 8.259453944353579991e-02 6.102956854136220022e-01 nan nan 2.245152356993063980e-01
nan nan 4.223187977220274614e-01 4.223187977220274614e-01 nan 1.553624045559449940e-01
5.406927862013899411e-02 nan 3.994843254807856070e-01 3.994843254807856070e-01 nan 1.469620704182898197e-01
nan 5.406785041556724791e-02 3.994849286376719322e-01 3.994849286376719322e-01 nan 1.469622923090888045e-01
5.129154147563595723e-02 5.129158475051137644e-02 3.789960156628076615e-01 3.789960156628076615e-01 nan 1.394248424482373849e-01
nan 5.406563503794224040e-02 3.994858642355875733e-01 3.994858642355875733e-01 nan 1.469626364908825644e-01
5.129153441951939119e-02 5.129157110808812980e-02 3.789960244041900572e-01 3.789960244041900572e-01 nan 1.394248456640122535e-01
nan 5.406462131845986979e-02 3.994862923483825656e-01 3.994862923483825656e-01 nan 1.469627939847749365e-01
5.129153620311337897e-02 5.129153620420299348e-02 3.789960383915116915e-01 3.789960383915116915e-01 nan 1.394248508096603001e-01
nan 9.003057317041443519e-02 nan 6.652409557747964719e-01 nan 2.447284710547891484e-01
8.259453944353579991e-02 8.259453944353579991e-02 nan 6.102956854136220022e-01 nan 2.245152356993064258e-01
5.406489873668567786e-02 nan 3.994861751894355772e-01 3.994861751894355772e-01 nan 1.469627508844430219e-01
5.129153780528085405e-02 5.129153616599071291e-02 3.789960377310239714e-01 3.789960377310239714e-01 nan 1.394248505666804694e-01
5.129153620771025740e-02 5.129153620336676656e-02 3.789960383899235175e-01 3.789960383899235175e-01 nan 1.394248508090760452e-01
5.129153620151889748e-02 5.129153620151452597e-02 3.789960383933204113e-01 3.789960383933204113e-01 nan 1.394248508103257400e-01
8.259453944353584154e-02 8.259453944353584154e-02 nan 6.102956854136216691e-01 nan 2.245152356993065090e-01
5.406464144068966193e-02 nan 3.994862838503866476e-01 3.994862838503866476e-01 nan 1.469627908585369458e-01
5.129153625498043823e-02 5.129153619895707866e-02 3.789960383718227188e-01 3.789960383718227188e-01 nan 1.394248508024171218e-01
5.129153620151534476e-02 5.129153620151471332e-02 3.789960383933217991e-01 3.789960383933217991e-01 nan 1.394248508103262396e-01
5.129153620151478271e-02 5.129153620151478271e-02 3.789960383933220212e-01 3.789960383933220212e-01 nan 1.394248508103264061e-01
8.259453944353575827e-02 8.259453944353575827e-02 nan 6.102956854136223352e-01 nan 2.245152356993061205e-01
9.003057317054918851e-02 nan 6.652409557746978841e-01 nan nan 2.447284710547528996e-01
8.259453944353579991e-02 8.259453944353579991e-02 6.102956854136220022e-01 nan nan 2.245152356993064258e-01
8.259453944353584154e-02 8.259453944353584154e-02 6.102956854136216691e-01 nan nan 2.245152356993065090e-01
8.259453944353575827e-02 8.259453944353575827e-02 6.102956854136223352e-01 nan nan 2.245152356993061205e-01
nan nan 4.223187880102719505e-01 4.223187880102719505e-01 nan 1.553624239794560713e-01
5.408462730955594655e-02 nan 3.994778429946295173e-01 3.994778429946295173e-01 nan 1.469596867011851160e-01
nan 5.409882077835797415e-02 3.994718492733025927e-01 3.994718492733025927e-01 nan 1.469574806750367779e-01
5.129155303557834250e-02 5.129153591376656163e-02 3.789960314055020874e-01 3.789960314055020874e-01 nan 1.394248482396510114e-01
nan 5.406471411447089093e-02 3.994862531588827537e-01 3.994862531588827537e-01 nan 1.469627795677636573e-01
5.129154034853453115e-02 5.129154237885972384e-02 3.789960340331487987e-01 3.789960340331487987e-01 nan 1.394248492063082101e-01
nan 5.406462680529680598e-02 3.994862900311882403e-01 3.994862900311882403e-01 nan 1.469627931323267689e-01
5.129153624929386895e-02 5.129153628225384398e-02 3.789960383390464371e-01 3.789960383390464371e-01 nan 1.394248507903594336e-01
nan 9.003057317042083285e-02 nan 6.652409557747916979e-01 nan 2.447284710547873998e-01
8.259453944353579991e-02 8.259453944353579991e-02 nan 6.102956854136220022e-01 nan 2.245152356993064258e-01
5.406638016138032993e-02 nan 3.994855495559533898e-01 3.994855495559533898e-01 nan 1.469625207267130085e-01
5.129153680307152463e-02 5.129153665920201111e-02 3.789960379459834106e-01 3.789960379459834106e-01 nan 1.394248506457596293e-01
5.129153642447942252e-02 5.129153621655493239e-02 3.789960382928082017e-01 3.789960382928082017e-01 nan 1.394248507733493181e-01
5.129153620212003467e-02 5.129153620153555082e-02 3.789960383930576771e-01 3.789960383930576771e-01 nan 1.394248508102290673e-01
8.259453944353584154e-02 8.259453944353584154e-02 nan 6.102956854136216691e-01 nan 2.245152356993065090e-01
5.409497381779317798e-02 nan 3.994734699912729781e-01 3.994734699912729781e-01 nan 1.469580861996608312e-01
5.129155770635307476e-02 5.129251261092802883e-02 3.789956169553745924e-01 3.789956169553745924e-01 nan 1.394246957719696978e-01
5.129153602757798719e-02 5.129156252904865099e-02 3.789960273481663422e-01 3.789960273481663422e-01 nan 1.394248467470406150e-01
5.129153620141907455e-02 5.129153620336649594e-02 3.789960383925804477e-01 3.789960383925804477e-01 nan 1.394248508100535966e-01
8.259453944353575827e-02 8.259453944353575827e-02 nan 6.102956854136223352e-01 nan 2.245152356993061205e-01
9.003189268452582716e-02 nan 6.652399909963010449e-01 nan nan 2.447281163191730724e-01
8.259453950482316398e-02 8.259454005515548536e-02 6.102956849216875090e-01 nan nan 2.245152355183338555e-01
8.259453944353584154e-02 8.259453944353584154e-02 6.102956854136216691e-01 nan nan 2.245152356993065090e-01
8.259453944353575827e-02 8.259453944353575827e-02 6.102956854136223352e-01 nan nan 2.245152356993061205e-01
nan nan 8.259453944353546684e-02 8.259453944353546684e-02 6.102956854136228904e-01 2.245152356993060927e-01
6.102956854136228904e-01 nan 8.259453944353549459e-02 8.259453944353549459e-02 nan 2.245152356993062037e-01
nan 6.102956854136228904e-01 8.259453944353549459e-02 8.259453944353549459e-02 nan 2.245152356993062037e-01
3.789960383933224097e-01 3.789960383933224097e-01 5.129153620151456067e-02 5.129153620151456067e-02 nan 1.394248508103260731e-01
nan 6.102956854136227793e-01 8.259453944353553623e-02 8.259453944353553623e-02 nan 2.245152356993061205e-01
3.789960383933222987e-01 3.789960383933222987e-01 5.129153620151458148e-02 5.129153620151458148e-02 nan 1.394248508103261563e-01
nan 6.102956854136226683e-01 8.259453944353557786e-02 8.259453944353557786e-02 nan 2.245152356993062592e-01
3.789960383933222987e-01 3.789960383933222987e-01 5.129153620151459536e-02 5.129153620151459536e-02 nan 1.394248508103261286e-01
3.994863046503026038e-01 3.994863046503026038e-01 nan 5.406459218899663938e-02 nan 1.469627985103981460e-01
6.102956854136227793e-01 nan 8.259453944353553623e-02 8.259453944353553623e-02 nan 2.245152356993061205e-01
3.789960383933222987e-01 3.789960383933222987e-01 5.129153620151458148e-02 5.129153620151458148e-02 nan 1.394248508103261563e-01
3.789960383933222987e-01 3.789960383933222987e-01 5.129153620151459536e-02 5.129153620151459536e-02 nan 1.394248508103261286e-01
3.789960383933222987e-01 3.789960383933222987e-01 5.129153620151459536e-02 5.129153620151459536e-02 nan 1.394248508103261563e-01
3.994863046503025483e-01 3.994863046503025483e-01 nan 5.406459218899677122e-02 nan 1.469627985103981183e-01
6.102956854136226683e-01 nan 8.259453944353557786e-02 8.259453944353557786e-02 nan 2.245152356993062592e-01
3.789960383933222987e-01 3.789960383933222987e-01 5.129153620151459536e-02 5.129153620151459536e-02 nan 1.394248508103261286e-01
3.789960383933222987e-01 3.789960383933222987e-01 5.129153620151459536e-02 5.129153620151459536e-02 nan 1.394248508103261563e-01
3.789960383933222432e-01 3.789960383933222432e-01 5.129153620151472026e-02 5.129153620151472026e-02 nan 1.394248508103261286e-01
3.994863046503023818e-01 3.994863046503023818e-01 nan 5.406459218899685448e-02 nan 1.469627985103984513e-01
3.994863046503026038e-01 3.994863046503026038e-01 5.406459218899663938e-02 nan nan 1.469627985103981460e-01
3.994863046503025483e-01 3.994863046503025483e-01 5.406459218899677122e-02 nan nan 1.469627985103981183e-01
3.994863046503023818e-01 3.994863046503023818e-01 5.406459218899685448e-02 nan nan 1.469627985103984513e-01
8.259453944353557786e-02 nan 8.259453944353557786e-02 6.102956854136226683e-01 nan 2.245152356993062592e-01
nan 3.994863046503026038e-01 5.406459218899663938e-02 3.994863046503026038e-01 nan 1.469627985103981460e-01
5.129153620151459536e-02 3.789960383933222987e-01 5.129153620151459536e-02 3.789960383933222987e-01 nan 1.394248508103261286e-01
nan 3.994863046503025483e-01 5.406459218899677122e-02 3.994863046503025483e-01 nan 1.469627985103981183e-01
5.129153620151460230e-02 3.789960383933223542e-01 5.129153620151460230e-02 3.789960383933223542e-01 nan 1.394248508103261841e-01
nan 3.994863046503023818e-01 5.406459218899685448e-02 3.994863046503023818e-01 nan 1.469627985103984513e-01
5.129153620151472026e-02 3.789960383933222432e-01 5.129153620151472026e-02 3.789960383933222432e-01 nan 1.394248508103261286e-01
5.406459218899685448e-02 3.994863046503023818e-01 nan 3.994863046503023818e-01 nan 1.469627985103984513e-01
8.259453944353553623e-02 nan 8.259453944353553623e-02 6.102956854136227793e-01 nan 2.245152356993061205e-01
5.129153620151458842e-02 3.789960383933223542e-01 5.129153620151458842e-02 3.789960383933223542e-01 nan 1.394248508103261563e-01
5.129153620151459536e-02 3.789960383933222987e-01 5.129153620151459536e-02 3.789960383933222987e-01 nan 1.394248508103261286e-01
5.129153620151460230e-02 3.789960383933223542e-01 5.129153620151460230e-02 3.789960383933223542e-01 nan 1.394248508103261841e-01
5.406459218899677122e-02 3.994863046503025483e-01 nan 3.994863046503025483e-01 nan 1.469627985103981183e-01
8.259453944353549459e-02 nan 8.259453944353549459e-02 6.102956854136227793e-01 nan 2.245152356993061760e-01
5.129153620151456067e-02 3.789960383933224097e-01 5.129153620151456067e-02 3.789960383933224097e-01 nan 1.394248508103260731e-01
5.129153620151458842e-02 3.789960383933223542e-01 5.129153620151458842e-02 3.789960383933223542e-01 nan 1.394248508103261563e-01
5.129153620151459536e-02 3.789960383933222987e-01 5.129153620151459536e-02 3.789960383933222987e-01 nan 1.394248508103261286e-01
5.406459218899663938e-02 3.994863046503026038e-01 nan 3.994863046503026038e-01 nan 1.469627985103981460e-01
8.259453944353546684e-02 nan 8.259453944353546684e-02 nan 6.102956854136228904e-01 2.245152356993060927e-01
8.259453944353549459e-02 6.102956854136228904e-01 8.259453944353549459e-02 nan nan 2.245152356993062037e-01
8.259453944353553623e-02 6.102956854136227793e-01 8.259453944353553623e-02 nan nan 2.245152356993061205e-01
